Trading Day,Date,Open,High,Low,Close,Volume,Dividends,Stock Splits,date_only,RollingMean,RollingStd,UpperBand1,LowerBand1,UpperBand2,LowerBand2,CCI_10,CCI_40,OBV,VPT,VPT_signal,VWAP,MFI_14,PP,R1,S1,R2,S2,R3,S3,CMF,%R,macd,macd_signal,macde_histogram,rsi,ADX,sma_5,sma_20,sma_50,sma_100,symbol,created_on
1,2023-11-23 00:00:00+05:30,519.5,529.3499755859375,516.0,518.5999755859375,1214,0.0,0.0,2023-11-23,563.9699951171875,27.839055270297354,591.8090503874848,536.1309398468902,619.6481056577823,508.2918845765928,-84.0489564123524,-175.62633196510765,371557,1322.9757485425835,5812.219133089091,478.53714507987434,42.79016246164688,521.316650390625,526.63330078125,513.2833251953125,534.6666259765625,507.9666748046875,539.9832763671875,499.933349609375,-0.3148101899951075,-97.55756196544074,-20.156391437434877,-15.576145548546243,-4.5802458888886335,29.485550956447966,12.136553598858088,529.8299926757812,563.9699951171875,596.0219995117187,563.0852926635743,IGARASHI.BO,2023-11-23 11:08:12.118393
2,2023-11-22 00:00:00+05:30,525.25,529.0999755859375,519.8499755859375,521.5999755859375,1088,0.0,0.0,2023-11-22,567.6599975585938,26.360609071425817,594.0206066300196,541.2993884871679,620.3812157014454,514.9387794157421,-87.62987052982996,-186.54240731812502,372771,1192.5240936372893,6934.529979225717,478.5236919509846,44.91181779840743,523.5166422526041,527.1833089192708,517.9333089192708,532.7666422526041,514.2666422526041,536.4333089192708,508.68330891927076,-0.2189725219449862,-97.77024988017823,-19.288134909755627,-14.431084076324083,-4.857050833431543,30.2054005330925,11.911424466771154,531.4400024414062,567.6599975585938,598.7580004882813,562.7319708251953,IGARASHI.BO,2023-11-23 11:08:12.118393
3,2023-11-21 00:00:00+05:30,543.2999877929688,552.9500122070312,519.2999877929688,523.4500122070312,9050,0.0,0.0,2023-11-21,570.6349975585938,24.153944198965558,594.7889417575593,546.4810533596283,618.942885956525,522.3271091606626,-79.96213293242306,-182.8913496282168,373859,9954.615683947268,8370.031450622824,478.51072431443737,43.363983728567625,531.9000040690104,544.500020345052,510.8499959309895,565.5500284830729,498.2499796549479,578.1500447591145,477.199971516927,-0.2634717189862539,-95.97671019698109,-18.179713523412374,-13.216821367966197,-4.962892155446177,30.633650211701777,11.851562478239071,533.1400024414063,570.6349975585938,601.2570007324218,562.3117199707032,IGARASHI.BO,2023-11-23 11:08:12.118393
4,2023-11-20 00:00:00+05:30,545.75,552.2999877929688,534.6500244140625,539.7999877929688,3639,0.0,0.0,2023-11-20,575.6999969482422,24.35891024400197,600.0589071922442,551.3410867042402,624.4178174362461,526.9821764602383,-67.52778494501467,-170.5482363331402,382909,4127.7713319133545,7973.885392291713,478.3979117870136,46.89616151158457,542.25,549.8499755859375,532.2000122070312,559.8999633789062,524.6000366210938,567.4999389648438,514.550048828125,-0.24837936799731555,-80.12603475719078,-16.66734863504405,-11.976098329104651,-4.691250305939398,34.66725398107934,11.787095721358368,538.95,575.6999969482422,603.7260009765625,562.0471328735351,IGARASHI.BO,2023-11-23 11:08:12.118393
5,2023-11-17 00:00:00+05:30,525.5999755859375,551.6500244140625,519.2999877929688,545.7000122070312,11491,0.0,0.0,2023-11-17,580.5824981689453,26.478641860683172,607.0611400296285,554.1038563082622,633.5397818903117,527.625214447579,-98.25034418539536,-196.49703768565467,386548,13176.877018555298,8935.413907386303,478.33586971782455,40.95545955437646,538.8833414713541,558.4666951497395,526.1166585286458,571.2333780924479,506.5333048502604,590.8167317708333,493.766621907552,-0.42076917426451005,-74.40618694563938,-16.088752568474888,-10.803285752619802,-5.285466815855086,36.26740332745039,12.431479942873104,546.8300048828125,580.5824981689453,606.1100012207031,561.5456875610352,IGARASHI.BO,2023-11-23 11:08:12.118393
6,2023-11-16 00:00:00+05:30,540.9500122070312,541.0,524.0,526.6500244140625,4555,0.0,0.0,2023-11-16,586.0799987792968,30.030814377553178,616.11081315685,556.0491844017437,646.1416275344031,526.0183700241905,-167.3343945960611,-246.60323418829327,375057,5040.936125366505,7875.0481295940535,478.12024642690005,44.66392648461742,530.5500081380209,537.1000162760417,520.1000162760417,547.5500081380209,513.5500081380209,554.1000162760417,503.10001627604174,-0.4036367990803223,-97.30825384918212,-15.685268303290513,-9.48191904865603,-6.2033492546344835,26.03095296557788,13.092051655680969,553.6900024414062,586.0799987792968,608.3960009765625,561.0301553344726,IGARASHI.BO,2023-11-23 11:08:12.118393
7,2023-11-15 00:00:00+05:30,548.0499877929688,554.9000244140625,527.7000122070312,530.0999755859375,13819,0.0,0.0,2023-11-15,590.6224975585938,27.316618377310107,617.9391159359038,563.3058791812837,645.2557343132139,535.9892608039736,-257.0804082065079,-253.72120999976778,379612,15393.419523086932,8583.57613065094,478.05859301242,42.041438471520266,537.5666707356771,547.433329264323,520.2333170572917,564.7666829427084,510.36665852864587,574.6333414713542,493.0333048502605,-0.4079569538087427,-97.46705711988787,-13.05489543411386,-7.931081734997408,-5.123813699116452,26.75357128351243,13.258629542654537,564.65,590.6224975585938,609.5590002441406,560.3762573242187,IGARASHI.BO,2023-11-23 11:08:12.118393
8,2023-11-13 00:00:00+05:30,599.9000244140625,599.9000244140625,546.4000244140625,552.5,7410,0.0,0.0,2023-11-13,594.7774993896485,23.707918785112955,618.4854181747614,571.0695806045355,642.1933369598744,547.3616618194226,-202.54013859734476,-170.96076248923706,393431,8603.02519568476,6881.115282541941,477.857237745915,39.894601634695626,566.2666829427084,586.1333414713542,532.6333414713542,619.7666829427084,512.7666829427084,639.6333414713542,479.13334147135424,-0.3783374149197257,-91.97899202489882,-9.829187551350856,-6.650128310218295,-3.1790592411325607,32.13118914446686,13.592169703572877,575.0400024414063,594.7774993896485,610.5660009765625,559.5486285400391,IGARASHI.BO,2023-11-23 11:08:12.118393
9,2023-11-10 00:00:00+05:30,576.9500122070312,622.4500122070312,575.0,579.2000122070312,7981,0.0,0.0,2023-11-10,597.8125,21.821066956253826,619.6335669562538,575.9914330437462,641.4546339125077,554.1703660874923,76.76784708093741,-74.61600398739127,400841,9713.742298397123,6450.6378042562355,477.70205428660074,37.44458167424558,592.2166748046875,609.433349609375,561.9833374023438,639.6666870117188,544.7666625976562,656.8833618164062,514.5333251953125,-0.3666689230164905,-79.02048130087606,-7.756439900541409,-5.855363499935154,-1.9010764006062546,41.32510976157754,14.497057203016317,581.4900024414062,597.8125,611.1400012207031,558.5144659423828,IGARASHI.BO,2023-11-23 11:08:12.118393
10,2023-11-09 00:00:00+05:30,584.5999755859375,588.1500244140625,577.0,580.0,1470,0.0,0.0,2023-11-09,599.5125,21.618183293304227,621.1306832933043,577.8943167066958,642.7488665866085,556.2761334133916,-70.67558821863712,-125.42942225033758,408822,1791.6205401385744,5634.861680721013,477.47426793165874,29.124027784241648,581.7166748046875,586.433349609375,575.2833251953125,592.86669921875,570.566650390625,597.5833740234375,564.13330078125,-0.34252846407630555,-81.64275394356369,-7.6147196422348316,-5.38009439978359,-2.2346252424512416,41.656739345488056,13.893924575382382,582.4599975585937,599.5125,611.2670007324218,557.1105010986328,IGARASHI.BO,2023-11-23 11:08:12.118393
11,2023-11-08 00:00:00+05:30,571.0,586.7999877929688,571.0,581.4500122070312,3641,0.0,0.0,2023-11-08,601.2325012207032,21.35083354973335,622.5833347704365,579.8816676709698,643.9341683201699,558.5308341212365,-95.36223796583887,-141.50318147116025,410292,4448.706632587946,6595.6719658666225,477.4318701766242,56.813349495226454,579.75,588.5,572.7000122070312,595.5499877929688,563.9500122070312,604.2999877929688,556.9000244140625,-0.3765994469248857,-85.89241642040125,-7.3966869026158975,-4.821438089170779,-2.5752488134451186,42.22706576056554,14.953583663772063,584.0599975585938,601.2325012207032,611.3940002441407,555.6241799926757,IGARASHI.BO,2023-11-23 11:08:12.118393
12,2023-11-07 00:00:00+05:30,563.3499755859375,589.5499877929688,563.3499755859375,582.0499877929688,3041,0.0,0.0,2023-11-07,603.025,21.10607294470659,624.1310729447066,581.9189270552934,645.2371458894131,560.8128541105868,-140.5702352385116,-156.20465904225844,413933,3719.4387307132024,7132.413299186292,477.3252185508207,61.813735191283214,578.316650390625,593.2833251953125,567.0833129882812,604.5166625976562,552.1166381835938,619.4833374023438,540.88330078125,-0.3989270103726351,-85.4247816911727,-7.148272144211205,-4.1776258858094995,-2.9706462584017057,42.45038100517856,16.01249728785478,583.789990234375,603.025,610.9190002441406,554.057485961914,IGARASHI.BO,2023-11-23 11:08:12.118393
13,2023-11-06 00:00:00+05:30,574.0499877929688,599.0,574.0499877929688,584.75,3759,0.0,0.0,2023-11-06,604.6450012207031,20.649903371179995,625.2949045918831,583.9950978495231,645.9448079630631,563.345194478343,-62.97571859256626,-132.83895413670797,416974,4618.949996094571,7985.6569413045645,477.2354600456611,65.23233820484236,585.9333292643229,597.816670735677,572.8666585286458,610.8833414713541,560.9833170572916,622.7666829427083,547.9166463216145,-0.3674675717222333,-88.75053016210673,-6.781007327229304,-3.434964321209073,-3.346043006020231,43.40965265105899,17.15286580609771,584.7699951171875,604.6450012207031,609.59,552.403948059082,IGARASHI.BO,2023-11-23 11:08:12.118393
14,2023-11-03 00:00:00+05:30,591.7999877929688,604.8499755859375,580.0,584.0499877929688,3573,0.0,0.0,2023-11-03,606.3675018310547,20.33748002260782,626.7049818536625,586.0300218084469,647.0424618762704,565.692541785839,-38.60401218560442,-123.54699919486073,413215,4385.142793545748,8827.333677607063,477.1214325294165,66.94074416822352,589.6333211263021,599.2666422526042,574.4166666666667,614.4832967122396,564.7833455403646,624.1166178385417,549.5666910807292,-0.36882383805175295,-89.33169424354165,-6.473964826979341,-2.598453569704015,-3.8755112572753254,43.100109615299395,17.96518514952317,586.289990234375,606.3675018310547,608.395,550.7254061889648,IGARASHI.BO,2023-11-23 11:08:12.118393
15,2023-11-02 00:00:00+05:30,585.4000244140625,591.5499877929688,582.9500122070312,588.0,1874,0.0,0.0,2023-11-02,608.0375030517578,19.77188501193702,627.8093880636948,588.2656180398208,647.5812730756318,568.4937330278838,-55.370287552233734,-137.73280873498283,416788,2315.515098082544,9937.88139862239,477.0135291899403,67.10300720909501,587.5,592.0499877929688,583.4500122070312,596.0999755859375,578.9000244140625,600.6499633789062,574.8500366210938,-0.3647265164297596,-86.05231540857574,-5.913826411164109,-1.6295757553851835,-4.2842506557789255,44.37185640193447,18.492493235015484,588.6499877929688,608.0375030517578,607.1609997558594,549.1806198120117,IGARASHI.BO,2023-11-23 11:08:12.118393
16,2023-11-01 00:00:00+05:30,592.2999877929688,598.3499755859375,575.0,580.0999755859375,3567,0.0,0.0,2023-11-01,609.3825042724609,19.24500400897657,628.6275082814375,590.1375002634843,647.8725122904141,570.8924962545077,-68.073011160828,-158.9503126941822,414914,4348.171458708132,11843.472973757353,476.95475620893126,62.03547058086791,584.4833170572916,593.9666341145833,570.6166585286458,607.8332926432291,561.1333414713541,617.3166097005208,547.2666829427083,-0.4072181836903985,-92.61107307850757,-5.496092423257323,-0.558513091440452,-4.937579331816871,41.1467972202034,19.719861970736375,588.2999877929688,609.3825042724609,605.7769995117187,547.5010171508789,IGARASHI.BO,2023-11-23 11:08:12.118393
17,2023-10-31 00:00:00+05:30,593.9500122070312,601.5,584.3499755859375,586.9500122070312,2542,0.0,0.0,2023-10-31,611.6950042724609,18.296546810088646,629.9915510825496,593.3984574623722,648.2880978926382,575.1019106522836,-60.45814433087578,-131.48125636287548,418481,3135.2874690051112,13717.298352519658,476.85068555725803,65.85761810669888,590.9333292643229,597.5166829427083,580.3666585286458,608.0833536783854,573.7833048502604,614.6667073567708,563.2166341145833,-0.37829589133671176,-86.92403619442672,-4.09995949760912,0.6758817415137659,-4.775841239122887,43.16153631220428,21.041643686128104,590.7599975585938,611.6950042724609,604.3370001220703,545.9218734741211,IGARASHI.BO,2023-11-23 11:08:12.118393
18,2023-10-30 00:00:00+05:30,584.7999877929688,614.5,584.7999877929688,592.3499755859375,5111,0.0,0.0,2023-10-30,613.1725036621094,17.36242485641242,630.5349285185218,595.810078805697,647.8973533749343,578.4476539492846,-53.15005555021851,-101.3800999817359,421023,6361.872489547376,16362.801073398292,476.77146303661794,68.22745453709594,597.2166544596354,609.633321126302,579.9333089192708,626.9166666666666,567.5166422526041,639.3333333333333,550.2332967122395,-0.3975778942082408,-82.44087900750613,-2.9249905024911413,1.8698420512944873,-4.7948325537856284,44.766075409016814,21.97532835410931,589.589990234375,613.1725036621094,602.9679998779297,544.1824063110352,IGARASHI.BO,2023-11-23 11:08:12.118393
19,2023-10-27 00:00:00+05:30,590.0999755859375,610.4500122070312,589.75,595.8499755859375,15015,0.0,0.0,2023-10-27,614.6625061035156,16.749294091735766,631.4118001952514,597.9132120117798,648.1610942869871,581.1639179200441,-58.95325517632304,-91.78124423808742,426134,18800.22153687429,18863.03321936102,476.60400723412414,65.76172046331531,598.6833292643229,607.6166585286458,586.9166463216145,619.3833414713541,577.9833170572916,628.316670735677,566.2166341145833,-0.39159696245884623,-79.53510927293429,-1.9081706748085026,3.068550189740894,-4.976720864549397,45.790592658018895,22.957522144722272,596.0699951171875,614.6625061035156,601.516000366211,542.3445254516602,IGARASHI.BO,2023-11-23 11:08:12.118393
20,2023-10-26 00:00:00+05:30,587.0499877929688,588.0,571.2000122070312,586.25,8928,0.0,0.0,2023-10-26,616.1950073242188,16.33446784579837,632.5294751700171,599.8605394784204,648.8639430158155,583.526071632622,-131.2329934726066,-160.15908825128443,411119,10998.608458722621,18878.736139982702,476.09427894501215,63.88523279535153,581.8166707356771,592.433329264323,575.6333414713542,598.6166585286459,565.0166829427084,609.2333170572917,558.8333536783855,-0.3499304832123329,-87.50520027586165,-0.9221184609600641,4.312730405878243,-5.234848866838307,42.43518024194363,23.769503424140957,604.3900024414063,616.1950073242188,599.8550006103516,540.526039428711,IGARASHI.BO,2023-11-23 11:08:12.118393
21,2023-10-25 00:00:00+05:30,576.0499877929688,599.5499877929688,576.0499877929688,592.4000244140625,16925,0.0,0.0,2023-10-25,617.6950073242188,14.739459243187035,632.4344665674058,602.9555480810317,647.1739258105928,588.2160888378447,-141.29025776770786,-128.96254063083933,420047,21069.02553992629,20848.76806029772,475.8135829698948,66.00634867585799,589.3333333333334,602.616678873698,579.116678873698,612.8333333333334,565.8333333333334,626.116678873698,555.616678873698,-0.38045275423737507,-83.61414472889236,1.2997508093390024,5.62144262258782,-4.321691813248817,44.057398545002485,25.590828297767644,618.2700073242188,617.6950073242188,598.8630010986328,538.788083190918,IGARASHI.BO,2023-11-23 11:08:12.118393
22,2023-10-23 00:00:00+05:30,638.9000244140625,638.9000244140625,572.9500122070312,581.0999755859375,12479,0.0,0.0,2023-10-23,618.7250061035156,13.550627292708763,632.2756333962244,605.1743788108068,645.8262606889332,591.6237515180981,-146.35538902833395,-83.86060769681656,403122,15238.118493991984,20793.703690390576,475.2476634568103,63.41965224335233,597.6500040690104,622.3499959309895,556.3999837239583,663.6000162760416,531.6999918619791,688.3000081380208,490.449971516927,-0.4251487021866828,-93.13398269522378,3.5190393523621424,6.701865575900023,-3.182826223537881,40.154056510692264,27.328919284628498,623.2900024414063,618.7250061035156,597.7820001220703,536.8114685058594,IGARASHI.BO,2023-11-23 11:08:12.118393
23,2023-10-20 00:00:00+05:30,647.7000122070312,654.0499877929688,619.0,624.75,5806,0.0,0.0,2023-10-20,620.3375061035156,10.387278168150978,630.7247842716665,609.9502279353646,641.1120624398176,599.5629497672136,37.547101117272256,55.61668386285496,415601,7622.264247963692,22182.599989490223,474.8674607607534,69.71045313129338,632.5999959309896,646.1999918619792,611.1500040690105,667.6499837239584,597.5500081380209,681.249979654948,576.1000162760417,-0.2976375588611352,-62.935083428072716,7.419966017754859,7.4975721317844926,-0.07760611402963313,53.55828134304311,29.200709578170954,629.710009765625,620.3375061035156,597.0510003662109,534.8280853271484,IGARASHI.BO,2023-11-23 11:08:12.118393
24,2023-10-19 00:00:00+05:30,669.0,691.6500244140625,633.7000122070312,637.4500122070312,52327,0.0,0.0,2023-10-19,619.1175048828125,11.239682102038106,630.3571869848506,607.8778227807743,641.5968690868887,596.6381406787362,180.2481018013151,125.44558749102004,421407,70092.68149243837,25822.683924871857,474.6165672058559,66.9216724723399,654.2666829427084,674.8333536783855,616.8833414713542,712.2166951497396,596.3166707356771,732.7833658854167,558.933329264323,-0.3274502169759087,-50.987758523673364,8.003044480126164,7.5169736602919,0.48607081983426337,58.86739315250309,28.749056650114795,627.4000122070313,619.1175048828125,595.7190008544922,532.3812536621094,IGARASHI.BO,2023-11-23 11:08:12.118393
25,2023-10-18 00:00:00+05:30,622.5499877929688,674.0,619.0,655.6500244140625,20475,0.0,0.0,2023-10-18,618.3325042724609,10.409518184732047,628.742022457193,607.9229860877289,639.1515406419251,597.5134679029968,274.20154532599605,109.54948137428322,473734,28209.584965776547,14755.184532980227,472.12235861870556,49.227845528917065,649.5500081380209,680.1000162760417,625.1000162760417,704.5500081380209,594.5500081380209,735.1000162760417,570.1000162760417,-0.16251356334351127,-20.699346342229155,7.377544574740568,7.395455955333334,-0.01791138059276598,67.81255803681398,27.205941574872455,622.5500122070313,618.3325042724609,593.9420001220703,529.7899557495117,IGARASHI.BO,2023-11-23 11:08:12.118393
26,2023-10-17 00:00:00+05:30,617.5499877929688,641.0,612.0,617.5,9947,0.0,0.0,2023-10-17,616.0150024414063,5.80551488093184,621.8205173223381,610.2094875604745,627.62603220327,604.4039726795426,92.31576451521767,40.883387217503156,453259,12907.132974581651,11391.584424781146,471.01573587936645,44.925409807283316,623.5,635.0,606.0,652.5,594.5,664.0,577.0,-0.22733803777919473,-48.8057334126401,4.672508727384297,7.399933800481526,-2.727425073097229,54.29422708490536,26.047734610298097,614.3000122070313,616.0150024414063,592.0639996337891,527.0555825805664,IGARASHI.BO,2023-11-23 11:08:12.118393
27,2023-10-16 00:00:00+05:30,611.7999877929688,623.5999755859375,610.3499755859375,613.2000122070312,1240,0.0,0.0,2023-10-16,616.1550018310547,5.876536496744071,622.0315383277988,610.2784653343107,627.9080748245428,604.4019288375666,-47.50508033608298,25.189377735628593,443312,1597.807827801248,11012.697287331019,470.58537648962016,44.59199101917705,615.7166544596354,621.0833333333333,607.8333333333333,628.9666544596354,602.4666544596354,634.3333333333333,594.5833333333333,-0.23351560845145114,-55.65284240890413,4.895646922269179,8.081790068755833,-3.1861431464866534,52.192775584477,26.068053683056995,614.260009765625,616.1550018310547,590.8370001220703,524.6762606811524,IGARASHI.BO,2023-11-23 11:08:12.118393
28,2023-10-13 00:00:00+05:30,616.7000122070312,619.9500122070312,611.2999877929688,613.2000122070312,4226,0.0,0.0,2023-10-13,617.0,6.599799973003964,623.599799973004,610.400200026996,630.1995999460079,603.8004000539921,-76.07134187987141,26.071093309667113,444552,5445.432161522641,13366.41965221346,470.53312567567394,45.54726113866915,614.8166707356771,618.3333536783855,609.683329264323,623.4666951497396,606.1666463216146,626.983378092448,601.0333048502605,0.006476348173959337,-55.65284240890413,5.530638607114724,8.878325855377495,-3.347687248262771,52.192775584477,27.017307995477573,614.510009765625,617.0,588.9410003662109,522.3284606933594,IGARASHI.BO,2023-11-23 11:08:12.118393
29,2023-10-12 00:00:00+05:30,620.5,622.7999877929688,607.9500122070312,613.2000122070312,12211,0.0,0.0,2023-10-12,616.8350006103516,6.73957317136748,623.5745737817191,610.0954274389841,630.3141469530865,603.3558542676167,-101.91289555650906,28.290331255195746,448778,15734.541439742774,15346.666524886165,470.35476357853304,51.63159989109606,614.6500040690104,621.3499959309895,606.500020345052,629.4999796549479,599.8000284830729,636.199971516927,591.6500447591145,0.04013166510710899,-55.65284240890413,6.259822830786334,9.715247667443187,-3.455424836656853,52.192775584477,28.256423606915106,615.710009765625,616.8350006103516,587.3693743896484,519.8793563842773,IGARASHI.BO,2023-11-23 11:08:12.118393
30,2023-10-11 00:00:00+05:30,625.0,648.1500244140625,612.5,614.4000244140625,12647,0.0,0.0,2023-10-11,616.1225006103516,7.812007049228581,623.9345076595802,608.310493561123,631.7465147088087,600.4984865118945,89.4116683886001,49.698323724297914,460989,16328.24271106372,15249.69779617201,469.83687226192734,48.24031763919447,625.0166829427084,637.5333658854167,601.8833414713542,660.6667073567709,589.3666585286459,673.1833902994792,566.2333170572917,-0.07131291987577892,-53.74199643119555,7.098553801535786,10.5791038766074,-3.480550075071614,52.7345295892944,29.590855803847834,616.560009765625,616.1225006103516,584.6968719482422,517.3943212890625,IGARASHI.BO,2023-11-23 11:08:12.118393
31,2023-10-10 00:00:00+05:30,621.8499755859375,631.2999877929688,614.0,617.2999877929688,8302,0.0,0.0,2023-10-10,617.9424987792969,10.985241187399057,628.927739966696,606.9572575918978,639.9129811540951,595.9720164044987,15.677260404585962,44.44992445969771,473636,10769.10724419383,14980.06156744908,469.2919926363957,47.34544896081361,620.8666585286459,627.7333170572917,610.433329264323,638.1666463216146,603.5666707356771,645.0333048502605,593.1333414713542,-0.08793014334570383,-40.11248308234764,7.946646739128141,11.449241395375301,-3.50259465624716,53.99216438072624,30.717396816008836,616.660009765625,617.9424987792969,581.9424810791015,514.8917965698242,IGARASHI.BO,2023-11-23 11:08:12.118393
32,2023-10-09 00:00:00+05:30,585.3499755859375,628.1500244140625,585.3499755859375,614.4500122070312,12148,0.0,0.0,2023-10-09,619.8475006103515,13.80866951505919,633.6561701254107,606.0388310952924,647.4648396404699,592.2301615802331,-168.50123565613427,26.89723804602316,465334,15685.271663136806,16032.800148262892,468.9248800984405,42.32898637970612,609.3166707356771,633.2833658854167,590.4833170572917,652.1167195638021,566.5166219075521,676.0834147135417,547.6832682291667,-0.07740724142014242,-45.45451425315787,8.626456504651514,12.32489005943709,-3.6984335547855753,52.96861352060042,32.8667098672004,618.4700073242187,619.8475006103515,579.4145422363281,512.3897152709961,IGARASHI.BO,2023-11-23 11:08:12.118393
33,2023-10-06 00:00:00+05:30,620.0499877929688,623.7000122070312,616.4500122070312,619.2000122070312,4414,0.0,0.0,2023-10-06,621.4524993896484,14.965358667320485,636.417858056969,606.4871407223279,651.3832167242894,591.5217820550075,12.146150675345288,46.17087575220472,477482,5743.332894523693,16119.682269544412,468.39478572081373,42.06225602483317,619.7833455403646,623.116678873698,615.866678873698,627.0333455403646,612.5333455403646,630.366678873698,608.616678873698,-0.10791838125462491,-41.40124169514324,9.646794534812898,13.249498448133481,-3.6027039133205836,54.85737318131003,35.37183421576587,618.8800048828125,621.4524993896484,576.9316259765625,509.86323608398436,IGARASHI.BO,2023-11-23 11:08:12.118393
34,2023-10-05 00:00:00+05:30,620.0499877929688,623.9000244140625,615.0499877929688,617.4500122070312,2469,0.0,0.0,2023-10-05,622.8375,15.992457989440195,638.8299579894401,606.8450420105598,654.8224159788804,590.8525840211196,13.018478961415415,46.763033479200985,473068,3203.4916620825475,18713.76961329959,468.19492183404526,71.00432324096329,618.8000081380209,622.550028483073,613.6999918619792,627.6500447591146,609.9499715169271,631.4000651041667,604.8499552408855,-0.12584245080580084,-47.45928819627512,10.339169822901113,14.150174426463625,-3.8110046035625125,54.29988567927207,35.719285126759104,619.4700073242187,622.8375,574.2718676757812,507.23186737060547,IGARASHI.BO,2023-11-23 11:08:12.118393
35,2023-10-04 00:00:00+05:30,623.2999877929688,635.0,612.0,614.9000244140625,23329,0.0,0.0,2023-10-04,624.9149993896484,17.847006008066085,642.7620053977145,607.0679933815824,660.6090114057806,589.2209873735162,37.161205569916326,52.10599141815324,470599,30144.031704338035,22591.339101103855,468.0841937156886,67.243345303446,620.6333414713541,629.2666829427083,606.2666829427083,643.6333414713541,597.6333414713541,652.2666829427083,583.2666829427083,-0.13569376616720968,-46.33270187200078,11.24131439897019,15.102925577354252,-3.861611178384063,53.52327878868187,36.09346303090566,621.2800048828125,624.9149993896484,571.2249237060547,504.6254843139648,IGARASHI.BO,2023-11-23 11:08:12.118393
36,2023-10-03 00:00:00+05:30,619.25,633.0,616.5499877929688,626.3499755859375,10726,0.0,0.0,2023-10-03,627.1699981689453,19.304695365255643,646.4746935342009,607.8653028036897,665.7793888994566,588.560607438434,99.06545976363775,62.315237539980686,493928,14117.42736497079,20703.165950295308,467.04778343398345,61.12490442459845,625.2999877929688,634.0499877929688,617.5999755859375,641.75,608.8499755859375,650.5,601.1499633789062,-0.018933005028026584,-46.75662919621731,12.477145049472597,16.068328371950265,-3.5911833224776686,57.604812049371674,36.4964238507558,621.55,627.1699981689453,568.2928564453125,502.1209536743164,IGARASHI.BO,2023-11-23 11:08:12.118393
37,2023-09-29 00:00:00+05:30,634.4000244140625,638.7000122070312,614.0,616.5,13532,0.0,0.0,2023-09-29,625.0924987792969,21.50762321120127,646.6001219904981,603.5848755680956,668.1077452016995,582.0772523568943,74.41510123423883,61.64411270679517,483202,17530.559395325094,22349.60059662644,466.5290621070487,64.11516200180561,623.0666707356771,632.1333414713542,607.433329264323,647.7666829427084,598.3666585286459,656.8333536783855,582.7333170572917,-0.02821915789419584,-66.5962116901065,12.7426884176665,16.96612420256968,-4.223435784903181,54.85477522012996,36.557902432619116,618.8800048828125,625.0924987792969,565.2555511474609,499.53685638427737,IGARASHI.BO,2023-11-23 11:08:12.118393
38,2023-09-28 00:00:00+05:30,628.3499755859375,629.0499877929688,618.5,622.1500244140625,11942,0.0,0.0,2023-09-28,623.2899993896484,23.66778819051897,646.9577875801674,599.6222111991294,670.6255757706864,575.9544230086104,68.4055936046081,64.85686190530409,496734,15612.515905716278,23554.360896951774,465.91043145107574,67.35660196401008,623.2333374023438,627.9666748046875,617.4166870117188,633.7833251953125,612.683349609375,638.5166625976562,606.86669921875,-0.013671363634525644,-60.62366848481798,13.859666713171237,18.021983148795474,-4.162316435624238,56.817837973844405,36.62411013616423,618.25,623.2899993896484,562.6577770996093,497.0986672973633,IGARASHI.BO,2023-11-23 11:08:12.118393
39,2023-09-27 00:00:00+05:30,618.7999877929688,629.0,614.2999877929688,626.5,9788,0.0,0.0,2023-09-27,621.2424987792969,25.473972332863323,646.7164711121602,595.7685264464335,672.1904434450234,570.2945541135703,80.92182677469086,67.77209036564024,508676,12885.929189617693,25539.822144760645,465.339591498325,65.60611923303968,623.2666625976562,632.2333374023438,617.5333251953125,637.9666748046875,608.566650390625,646.933349609375,602.8333129882812,-0.015861979000722424,-56.02538443770864,14.523300661134272,19.062562257701533,-4.539261596567261,58.30965775458217,37.0544330316671,613.889990234375,621.2424987792969,559.9529919433594,494.69530181884767,IGARASHI.BO,2023-11-23 11:08:12.118393
40,2023-09-26 00:00:00+05:30,611.9500122070312,632.0499877929688,602.9500122070312,616.25,9222,0.0,0.0,2023-09-26,619.1949981689453,26.64781111612211,645.8428092850673,592.5471870528232,672.4906204011895,565.8993759367011,25.86044188778385,61.24970972069227,498888,11942.156401347149,28703.29538354638,464.8555294775224,61.85453814203241,617.0833333333334,631.2166544596355,602.116678873698,646.1833089192709,587.9833577473959,660.316630045573,573.0167032877605,-0.030051143770039767,-66.86048237141644,14.72449651921238,20.197377656843347,-5.472881137630967,55.76861407783448,37.51971060056398,612.939990234375,619.1949981689453,557.31091796875,492.2314694213867,IGARASHI.BO,2023-11-23 11:08:12.118393
41,2023-09-25 00:00:00+05:30,611.0,616.75,606.7999877929688,613.0,3667,0.0,0.0,2023-09-25,617.6999969482422,27.641914045231182,645.3419109934733,590.058082903011,672.9838250387046,562.4161688577798,-40.50534147226958,57.12470701285862,489666,4723.588851960871,32893.58012909619,464.4258797105843,65.73059623705623,612.1833292643229,617.566670735677,607.6166585286458,622.1333414713541,602.2333170572916,627.5166829427083,597.6666463216145,-0.01593013737256928,-72.32892273387046,15.76845945085472,21.565597941251088,-5.797138490396367,54.96036286537235,38.02077875168369,611.5499877929688,617.6999969482422,554.7131536865235,489.94199829101564,IGARASHI.BO,2023-11-23 11:08:12.118393
42,2023-09-22 00:00:00+05:30,606.4500122070312,615.2999877929688,591.5999755859375,613.3499755859375,22096,0.0,0.0,2023-09-22,614.9349975585938,30.730095478924035,645.6650930375177,584.2049020796698,676.3951885164419,553.4748066007456,-74.52451845519299,52.4395164111047,493333,28478.86769876708,39936.077948380014,464.25802872639264,70.4108148911598,606.7499796549479,621.8999837239583,598.199971516927,630.4499918619791,583.0499674479166,645.5999959309895,574.4999593098958,-0.002875851673983575,-69.7519514653972,17.186208061050365,23.01488256385018,-5.828674502799814,55.06097717041731,39.099231173382165,613.0099853515625,614.9349975585938,552.3790069580078,487.6096725463867,IGARASHI.BO,2023-11-23 11:08:12.118393
43,2023-09-21 00:00:00+05:30,619.1500244140625,623.0,596.7999877929688,600.3499755859375,23579,0.0,0.0,2023-09-21,610.0474975585937,37.92625653845011,647.9737540970439,572.1212410201435,685.9000106354939,534.1949844816935,-84.88522819890278,55.63872818478067,471237,29746.137714572178,42800.380510783245,463.23613860287924,70.05693735132064,606.7166544596354,616.633321126302,590.4333089192708,632.9166666666666,580.5166422526041,642.8333333333333,564.2332967122395,-0.035175403659282706,-74.32024980941337,18.7064915185033,24.47205118955013,-5.76555967104683,52.03232474255237,40.31334625372218,616.3599853515625,610.0474975585937,550.1117181396485,485.1795288085938,IGARASHI.BO,2023-11-23 11:08:12.118393
44,2023-09-20 00:00:00+05:30,602.0499877929688,627.2999877929688,602.0499877929688,621.75,9959,0.0,0.0,2023-09-20,606.2799987792969,42.41696019587788,648.6969589751748,563.863038583419,691.1139191710527,521.4460783875411,-56.45883738701095,73.68301836176066,494816,13011.645748777284,46063.94120983601,462.2258832171883,72.65368759501534,617.0333251953125,632.0166625976562,606.7666625976562,642.2833251953125,591.7833251953125,657.2666625976562,581.5166625976562,-0.013179576760735614,-55.8480722959485,21.649786376628526,25.913441107311833,-4.263654730683307,58.00819102781323,41.32726161955787,618.2699951171875,606.2799987792969,548.3319897460938,482.9078302001953,IGARASHI.BO,2023-11-23 11:08:12.118393
45,2023-09-18 00:00:00+05:30,617.5499877929688,619.0999755859375,606.9500122070312,609.2999877929688,8236,0.0,0.0,2023-09-18,601.3099975585938,46.16656419719942,647.4765617557932,555.1434333613943,693.6431259529926,508.9768691641949,-86.05468698206182,70.73431197922996,484857,10545.039523776963,54327.01507510069,461.7278936750457,70.74341626788265,611.7833251953125,616.6166381835938,604.4666748046875,623.9332885742188,599.6333618164062,628.7666015625,592.3167114257812,-0.02240513557796206,-66.59473459330368,22.98249047425793,26.979354789982654,-3.996864315724725,55.23052152108967,42.126928789936535,613.7099975585937,601.3099975585938,546.1023034667969,480.2774105834961,IGARASHI.BO,2023-11-23 11:08:12.118393
46,2023-09-15 00:00:00+05:30,636.0,638.0,616.3499755859375,620.2999877929688,12877,0.0,0.0,2023-09-15,596.7849975585938,49.64623832322717,646.431235881821,547.1387592353666,696.0774742050481,497.4925209121394,-58.2183110805422,93.31656405818349,493093,16784.838727198956,65272.50896293161,461.34593062008133,72.19839798809998,624.8833211263021,633.4166666666667,611.7666422526042,646.5333455403646,603.2332967122396,655.0666910807292,590.1166178385417,-0.009573114520873954,-57.0997009093893,25.566673582153953,27.97857086891383,-2.411897286759878,58.39984317807767,43.22881021577388,622.0099975585938,596.7849975585938,544.0018487548828,477.65771057128904,IGARASHI.BO,2023-11-23 11:08:12.118393
47,2023-09-14 00:00:00+05:30,622.0,640.7999877929688,609.6500244140625,630.0999755859375,167263,0.0,0.0,2023-09-14,591.1749984741211,53.070391072114184,644.2453895462353,538.104607402007,697.3157806183495,485.0342163298928,-27.634949119048606,102.21579910947625,505970,221467.52345966327,77394.42652186478,460.70005606256586,76.45466209660445,626.8499959309896,644.0499674479167,612.9000040690105,657.9999593098959,595.7000325520834,675.199930826823,581.7500406901042,-8.325757252078671e-05,-40.68594701884025,27.404503870563985,28.581545190603798,-1.1770413200398124,61.310357423873526,43.917335242570765,629.0300048828125,591.1749984741211,541.3300714111328,474.8666290283203,IGARASHI.BO,2023-11-23 11:08:12.118393
48,2023-09-13 00:00:00+05:30,599.4500122070312,617.75,584.9000244140625,609.9000244140625,21452,0.0,0.0,2023-09-13,585.5949996948242,54.60703424656967,640.2020339413939,530.9879654482545,694.8090681879635,476.38093120168486,-68.621914858285,76.5446994070628,338707,27493.31725128515,41376.152287415156,451.2611066072668,67.9912547489165,604.183349609375,623.4666748046875,590.61669921875,637.0333251953125,571.3333740234375,656.316650390625,557.7667236328125,-0.12518188353687687,-44.53169105350428,28.377113489439466,28.87580552061375,-0.49869203117428285,57.230626219501296,44.658823732967406,632.3200073242188,585.5949996948242,538.2736584472656,471.89570556640626,IGARASHI.BO,2023-11-23 11:08:12.118393
49,2023-09-12 00:00:00+05:30,662.75,662.75,594.9500122070312,598.9500122070312,58306,0.0,0.0,2023-09-12,581.087498474121,56.19286057294132,637.2803590470623,524.8946379011797,693.4732196200036,468.7017773282384,-24.03237276740541,101.90772930087937,317255,73384.53233003935,44846.86104644765,450.1192729866261,71.12864138050529,618.8833414713541,642.816670735677,575.0166829427083,686.6833292643229,551.0833536783854,710.6166585286458,507.2166951497395,-0.16568607378816755,-50.90167979804077,31.1817813973596,29.00047852840732,2.1813028689522795,54.833264295889066,46.06393162152928,639.7200073242187,581.087498474121,535.7919152832031,469.19664672851565,IGARASHI.BO,2023-11-23 11:08:12.118393
50,2023-09-11 00:00:00+05:30,641.8499755859375,679.5,641.8499755859375,650.7999877929688,40302,0.0,0.0,2023-09-11,576.779997253418,58.02365098133571,634.8036482347536,518.7563462720823,692.8272992160894,460.7326952907465,64.81439517352099,164.433662565541,375561,55115.63803309821,37712.44322554972,447.14957998178363,83.27245676220775,657.3833211263021,672.9166666666667,635.2666422526042,695.0333455403646,619.7332967122396,710.5666910807292,597.6166178385417,-0.0686395198521632,-20.738812885907947,35.378565278686665,28.45515281116925,6.923412467517416,72.7677877831876,47.08071975574155,651.7300048828125,576.779997253418,533.5501318359375,466.74033111572265,IGARASHI.BO,2023-11-23 11:08:12.118393
51,2023-09-08 00:00:00+05:30,642.0499877929688,669.7999877929688,642.0499877929688,655.4000244140625,12423,0.0,0.0,2023-09-08,571.0724990844726,55.93609248368098,627.0085915681536,515.1364066007916,682.9446840518345,459.2003141171107,74.15534105710418,177.11826211179246,415863,17109.355213021245,33361.6445236626,444.30152020247044,81.0192536465607,655.75,669.4500122070312,641.7000122070312,683.5,628.0,697.2000122070312,613.9500122070312,-0.017479025496152312,-18.010431204113004,35.109244542093506,26.724299694289893,8.384944847803613,74.78277218845645,45.27246155474861,653.5700073242188,571.0724990844726,530.1485858154297,463.78248321533204,IGARASHI.BO,2023-11-23 11:08:12.118393
52,2023-09-07 00:00:00+05:30,647.75,660.6500244140625,642.0,646.5499877929688,22007,0.0,0.0,2023-09-07,565.2199966430665,52.677109142137965,617.8971057852044,512.5428875009285,670.5742149273424,459.8657783587905,80.7786601077993,185.4056953078394,403440,29899.481409225322,37424.71685132293,443.38756462413073,80.44346924804667,649.7333374023438,657.4666748046875,638.816650390625,668.3833618164062,631.0833129882812,676.11669921875,620.1666259765625,-0.01987104992179689,-22.670468417080965,33.779440226619045,24.628063482338987,9.151376744280057,73.47037788435924,43.4556768852126,639.45,565.2199966430665,526.7059411621094,460.75817413330077,IGARASHI.BO,2023-11-23 11:08:12.118393
53,2023-09-06 00:00:00+05:30,655.0,664.7000122070312,642.7000122070312,646.9000244140625,18787,0.0,0.0,2023-09-06,560.1199966430664,49.212300842104135,609.3322974851706,510.9076958009623,658.5445983272747,461.6953949588582,110.98028592001242,208.2139874155049,425447,25538.495409236355,39306.02571184733,441.81734142228515,85.54928426378983,651.433349609375,660.1666870117188,638.1666870117188,673.433349609375,629.433349609375,682.1666870117188,616.1666870117188,-0.035654803284022867,-21.389931082107953,32.436672547117496,22.34021929626897,10.096453250848526,73.6110636564846,41.62654921662757,626.2300048828125,560.1199966430664,523.3664392089844,457.7809454345703,IGARASHI.BO,2023-11-23 11:08:12.118393
54,2023-09-05 00:00:00+05:30,659.0,686.4500122070312,642.2000122070312,659.0,54673,0.0,0.0,2023-09-05,555.6824966430664,44.77689722387375,600.4593938669402,510.9055994191927,645.2362910908139,466.1287021953189,175.79987628023207,256.15026665706534,444234,75711.00726280388,42747.908287500075,440.45521137332537,90.58410919995991,662.5500081380209,682.9000040690105,638.6500040690105,706.8000081380209,618.3000081380209,727.1500040690105,594.4000040690105,0.0018687855337285609,-14.845867270174114,30.191584978903734,19.816105983556838,10.375478995346896,78.43238370440645,39.60787843716924,613.0900024414062,555.6824966430664,520.3682647705078,454.77376739501955,IGARASHI.BO,2023-11-23 11:08:12.118393
55,2023-09-04 00:00:00+05:30,584.1500244140625,679.9000244140625,581.6500244140625,660.0,77708,0.0,0.0,2023-09-04,550.1624954223632,37.59947319762053,587.7619686199838,512.5630222247427,625.3614418176043,474.96354902712216,154.1600208702171,247.9247517166225,498907,107773.09910372784,34507.13354367412,436.14774307735894,88.1874510355752,640.5166829427084,699.3833414713542,601.1333414713542,738.7666829427084,542.2666829427084,797.6333414713542,502.88334147135424,0.02016191370336669,-11.157847114066076,25.668080042516294,17.22223623472011,8.445843807796184,78.82860393833147,37.433925290060266,598.4,550.1624954223632,516.9813739013672,451.70347778320314,IGARASHI.BO,2023-11-23 11:08:12.118393
56,2023-09-01 00:00:00+05:30,577.0999755859375,607.7999877929688,570.5999755859375,584.7999877929688,15813,0.0,0.0,2023-09-01,545.2499954223633,27.575758839134032,572.8257542614973,517.6742365832293,600.4015131006314,490.09847774409525,72.53071498021706,156.9893790319709,421199,19432.216047093872,16190.642153660692,429.69601715214037,77.25261349939873,587.7333170572916,604.8666585286458,567.6666463216145,624.9333292643229,550.5333048502604,642.066670735677,530.4666341145833,-0.18592079747749218,-27.608695652173914,19.38922781270935,15.110775282771062,4.2784525299382885,67.28993142005416,35.17084589506078,583.6699951171875,545.2499954223633,513.6643096923829,448.5787741088867,IGARASHI.BO,2023-11-23 11:08:12.118393
57,2023-08-31 00:00:00+05:30,585.1500244140625,591.25,576.8499755859375,580.4500122070312,3456,0.0,0.0,2023-08-31,543.817497253418,26.118751835003817,569.9362490884217,517.6987454184142,596.0550009234256,491.5799935834103,79.46811055985636,157.08532284974297,405386,4215.404579105075,15380.248680302397,428.7809762782114,71.17882626842517,582.8499959309896,588.8500162760417,574.4499918619792,597.2500203450521,568.4499715169271,603.2500406901042,560.0499674479167,-0.16736468557341727,-31.391283118206523,18.46267990535057,14.041162150286489,4.42151775506408,66.30347430668817,33.95010052854047,578.25,543.817497253418,511.1935144042969,446.30587799072265,IGARASHI.BO,2023-11-23 11:08:12.118393
58,2023-08-30 00:00:00+05:30,578.0499877929688,598.0,574.9000244140625,581.2000122070312,10968,0.0,0.0,2023-08-30,540.7149978637696,25.207759326935193,565.9227571907047,515.5072385368344,591.13051651764,490.2994792098992,105.16648667975905,172.92338332903535,408842,13395.340607124584,18171.459705601726,428.5851665366758,68.53472181079113,584.7000122070312,594.5,571.4000244140625,607.7999877929688,561.6000366210938,617.5999755859375,548.300048828125,-0.1649344544504635,-30.739109205163043,17.425086924008497,12.935782711520469,4.489304212488028,66.62515300049924,33.06177392991919,565.2799926757813,540.7149978637696,508.5312561035156,444.0699938964844,IGARASHI.BO,2023-11-23 11:08:12.118393
59,2023-08-29 00:00:00+05:30,595.25,595.25,580.0499877929688,585.5499877929688,7298,0.0,0.0,2023-08-29,538.3859329223633,23.354058481432922,561.7399914037962,515.0318744409303,585.0940498852291,491.6778159594974,153.51415836427915,192.8411102219949,419810,8979.838783375488,19365.48948022101,427.9572948195248,54.32997947771475,586.9499918619791,593.8499959309895,578.6499837239583,602.1500040690104,571.7499796549479,609.0500081380208,563.449971516927,-0.020662498435176264,-26.956521739130434,15.758773380865819,11.813456658398461,3.945316722467357,68.41273627197427,32.105114516019356,554.039990234375,538.3859329223633,505.8889306640625,441.85705139160154,IGARASHI.BO,2023-11-23 11:08:12.118393
60,2023-08-28 00:00:00+05:30,558.0499877929688,616.5499877929688,547.9500122070312,586.3499755859375,57791,0.0,0.0,2023-08-28,533.0871780395507,24.10021131056568,557.1873893501164,508.98696672898507,581.2876006606821,484.8867554184194,247.66556326154046,201.73233934841252,427108,71206.20255254328,21961.90215443239,427.5247041635853,53.769900635326614,583.6166585286459,619.2833048502605,550.683329264323,652.2166341145834,515.0166829427084,687.883280436198,482.0833536783855,-0.009492400468334895,-26.260880180027176,12.958211122002012,10.827127477781621,2.131083644220391,68.7276383524094,30.72428229872188,541.3999877929688,533.0871780395507,502.95400146484377,439.78874603271487,IGARASHI.BO,2023-11-23 11:08:12.118393
61,2023-08-25 00:00:00+05:30,518.0,572.5999755859375,514.5499877929688,557.7000122070312,19164,0.0,0.0,2023-08-25,527.6037033081054,23.818395687884664,551.42209899599,503.78530762022075,575.2404946838748,479.9669119323361,207.35370267258193,115.72708343753598,369317,22458.850316364886,9650.827054904665,423.9956255130384,29.252342099696733,548.2833251953125,582.0166625976562,523.9666748046875,606.3333129882812,490.23333740234375,640.066650390625,465.91668701171875,-0.053624972834768296,-32.67385134650541,9.097519566694473,10.294356566726522,-1.1968370000320494,63.07564807162925,29.237232218555373,527.889990234375,527.6037033081054,499.85435974121094,437.6715197753906,IGARASHI.BO,2023-11-23 11:08:12.118393
62,2023-08-24 00:00:00+05:30,529.5,530.4000244140625,514.5499877929688,515.5999755859375,2661,0.0,0.0,2023-08-24,524.2638549804688,24.058111899926544,548.3219668803953,500.2057430805422,572.3800787803218,476.1476311806157,-40.25944059259871,37.84286922017645,350153,2883.0917751281872,6448.821239539609,423.00313765458685,27.11576579663992,520.1833292643229,525.816670735677,509.96663411458326,536.0333658854166,504.33329264322913,541.6667073567708,494.1165974934895,-0.1125842074878366,-83.15349678650728,6.838410566281027,10.593565816734532,-3.7551552504535053,50.98895568722724,28.786572271874107,517.9699890136719,524.2638549804688,497.1959716796875,435.71753082275393,IGARASHI.BO,2023-11-23 11:08:12.118393
63,2023-08-23 00:00:00+05:30,525.0999755859375,532.75,522.9500122070312,525.0,4745,0.0,0.0,2023-08-23,522.9990661621093,25.17649678170921,548.1755629438186,497.8225693804001,573.3520597255277,472.6460725986909,-1.8172451498474376,60.36735737286028,352814,5234.75336389011,7340.253605642465,422.9075983052251,30.339013500164427,526.9000040690104,530.8499959309895,521.0500081380208,536.6999918619791,517.1000162760416,540.6499837239583,511.250020345052,-0.09211301936563884,-71.88248759903573,7.988669913794524,11.532354629347907,-3.5436847155533826,54.70134640380759,30.12046240348367,518.5499938964844,522.9990661621093,495.21789611816405,434.20051147460936,IGARASHI.BO,2023-11-23 11:08:12.118393
64,2023-08-22 00:00:00+05:30,530.6500244140625,530.6500244140625,514.0499877929688,522.3499755859375,1337,0.0,0.0,2023-08-22,521.0596710205078,26.474730847034774,547.5344018675426,494.58494017347306,574.0091327145774,468.1102093264383,-40.488162256679445,49.71274666570491,348069,1467.5526483704757,7866.628666080553,422.7194195248885,26.567371557640698,522.3499959309896,530.6500040690105,514.0499674479167,538.9500325520834,505.74995930989587,547.2500406901042,497.449930826823,-0.0945203553904603,-75.05997397590502,8.414550008638344,12.41827580823625,-4.003725799597907,53.82120284675513,30.9378871310994,517.4999938964844,521.0596710205078,493.05581237792967,432.5535610961914,IGARASHI.BO,2023-11-23 11:08:12.118393
65,2023-08-21 00:00:00+05:30,510.70001220703125,520.9000244140625,510.45001220703125,518.7999877929688,4854,0.0,0.0,2023-08-21,518.1973129272461,29.274525670078543,547.4718385973247,488.92278725716756,576.7463642674032,459.64826158708905,-77.10687334263132,35.03908394388874,346732,5291.763588402544,9466.397670508071,422.6676480438275,44.84467883045546,516.7166748046875,522.9833374023438,512.5333251953125,527.1666870117188,506.26666259765625,533.433349609375,502.08331298828125,-0.09120235801185997,-79.31655281734979,9.09329965556367,13.419207258135728,-4.325907602572059,52.67744469171018,31.9237743112293,515.5899963378906,518.1973129272461,491.2002398681641,430.8956832885742,IGARASHI.BO,2023-11-23 11:08:12.118393
66,2023-08-18 00:00:00+05:30,522.5,522.5,501.54998779296875,508.1000061035156,6277,0.0,0.0,2023-08-18,515.6721466064453,31.326079365744473,546.9982259721897,484.3460672407008,578.3243053379342,453.0199878749563,-121.99616281902411,18.80557402497745,341878,6701.963114146974,10510.056191034453,422.4859475946477,42.90920283475637,510.71666463216144,519.8833414713541,498.9333292643229,531.6666768391926,489.7666524251302,540.8333536783854,477.98331705729163,-0.11162635714814205,-61.55999417128055,10.174147627744219,14.500684158778741,-4.326536531034522,49.1526776746011,33.48518968664065,519.1600036621094,515.6721466064453,489.22503479003905,429.3351861572266,IGARASHI.BO,2023-11-23 11:08:12.118393
67,2023-08-17 00:00:00+05:30,524.2000122070312,531.8499755859375,515.9500122070312,518.5,4835,0.0,0.0,2023-08-17,513.9913818359375,32.62845858350326,546.6198404194408,481.36292325243426,579.2482990029441,448.734464668931,-99.28424938049476,56.3618840026172,348155,5268.002151124852,11462.079460256322,422.2761759722182,43.64538484709699,522.0999959309896,528.249979654948,512.3500162760417,537.9999593098959,506.20003255208337,544.1499430338542,496.4500528971355,-0.10263449059455117,-53.22917422591111,12.457592885364875,15.582318291537371,-3.1247254061724963,52.69507379644047,35.16671393708365,525.2099975585937,513.9913818359375,487.5067468261719,427.81681396484373,IGARASHI.BO,2023-11-23 11:08:12.118393
68,2023-08-16 00:00:00+05:30,520.2999877929688,537.0,517.75,519.75,5211,0.0,0.0,2023-08-16,512.3969467163085,33.171172320150724,545.5681190364593,479.2257743961578,578.73929135661,446.0546020760071,-83.87867400735969,68.53824704305059,352990,5691.362862263234,13010.598787539187,422.09422723660253,46.14867692712213,524.8333333333334,531.9166666666667,512.6666666666667,544.0833333333334,505.58333333333337,551.1666666666667,493.41666666666674,-0.09191224175890401,-52.22787316406799,14.168101537735083,16.363499643080495,-2.1953981053454115,53.12236041922093,36.01256012023147,530.4199951171875,512.3969467163085,485.3968127441406,426.0327536010742,IGARASHI.BO,2023-11-23 11:08:12.118393
69,2023-08-14 00:00:00+05:30,537.5,537.5,510.54998779296875,512.7999877929688,7625,0.0,0.0,2023-08-14,510.7549850463867,33.598060729208576,544.3530457755953,477.15692431717815,577.9511065048039,443.55886358796954,-110.76119865865033,60.09598049426796,347779,8216.532145477697,14840.407768858176,421.89480438872545,46.36763529735448,520.2833251953125,530.0166625976562,503.066650390625,547.2333374023438,493.33331298828125,556.9666748046875,476.11663818359375,-0.07960094468165402,-57.79511684624643,16.020296683000936,16.912349169416846,-0.8920524864159098,51.07413426843365,36.79722483272678,538.1,510.7549850463867,483.17305053710936,424.3374975585937,IGARASHI.BO,2023-11-23 11:08:12.118393
70,2023-08-11 00:00:00+05:30,541.7000122070312,541.7999877929688,533.0999755859375,536.6500244140625,6618,0.0,0.0,2023-08-11,509.83480072021484,33.790573058880405,543.6253737790953,476.04422766133445,577.4159468379756,442.25365460245405,-2.3125338140650133,112.84819615846511,355404,7463.088999905211,16496.376674703297,421.6223561058119,52.175477608509496,537.1833292643229,541.2666829427083,532.566670735677,545.8833414713541,528.4833170572916,549.9666951497395,523.8666585286458,-0.04993250656393651,-38.6902632512876,18.833406871450393,17.135362291020822,1.6980445804295705,59.33536351536791,37.642248369260194,545.2599975585938,509.83480072021484,481.1970782470703,422.75815216064456,IGARASHI.BO,2023-11-23 11:08:12.118393
71,2023-08-10 00:00:00+05:30,544.0,546.1500244140625,532.3499755859375,538.3499755859375,9466,0.0,0.0,2023-08-10,507.3203887939453,33.56042044004137,540.8808092339867,473.75996835390396,574.441229674028,440.1995479138626,18.06632798101908,126.27658721251777,362022,10708.580414836699,18754.698593402816,421.3223598460991,53.61933726780294,538.9499918619791,545.5500081380208,531.7499593098958,552.7500406901041,525.1499430338541,559.3500569661458,517.9499104817708,-0.07447012707238485,-36.39734326952087,19.800818477744656,16.710851145913427,3.089967331831229,59.977470898134165,36.940386876055314,550.2799926757813,507.3203887939453,478.7131652832031,420.8963912963867,IGARASHI.BO,2023-11-23 11:08:12.118393
72,2023-08-09 00:00:00+05:30,560.8499755859375,584.9500122070312,524.9500122070312,544.5499877929688,51031,0.0,0.0,2023-08-09,505.2175231933594,32.82334629216484,538.0408694855242,472.39417690119456,570.8642157776891,439.5708306090297,56.72143074249204,171.32261538419803,371488,58394.57957026491,20766.228138044342,420.8841675565504,55.80040320961837,551.4833374023438,578.0166625976562,518.0166625976562,611.4833374023438,491.48333740234375,638.0166625976562,458.01666259765625,-0.10206936860399975,-31.554772556338463,20.57196665406184,15.938359312955619,4.63360734110622,62.259154161964254,36.18453603721929,553.8400024414062,505.2175231933594,475.84093688964845,419.17432861328126,IGARASHI.BO,2023-11-23 11:08:12.118393
73,2023-08-08 00:00:00+05:30,544.4500122070312,563.7999877929688,544.4500122070312,558.1500244140625,5425,0.0,0.0,2023-08-08,502.9893005371094,31.49862201064963,534.487922547759,471.49067852645976,565.9865445584087,439.99205651581013,77.0249805458726,194.64608390017236,422519,6362.845750162464,11359.140279989198,418.33645830117365,78.3161185992263,555.4666748046875,566.4833374023438,547.1333618164062,574.816650390625,536.11669921875,585.8333129882812,527.7833862304688,-0.03615358985286165,-14.989724614723796,20.63696627374412,14.779957477679062,5.85700879606506,67.48865865214944,35.37054282616511,548.610009765625,502.9893005371094,472.60517028808596,417.5699194335937,IGARASHI.BO,2023-11-23 11:08:12.118393
74,2023-08-07 00:00:00+05:30,562.0,563.1500244140625,546.9500122070312,548.5999755859375,9469,0.0,0.0,2023-08-07,500.6499771118164,28.808875273040236,529.4588523848566,471.8411018387761,558.2677276578969,443.0322265657359,87.3080007868258,195.09513934808282,417094,10915.926555220809,12608.213912445879,418.0295791708209,76.27888504267834,552.9000040690104,558.8499959309895,542.6499837239583,569.1000162760416,536.6999918619791,575.0500081380208,526.449971516927,-0.05021140096670569,-23.00948919656095,19.06810663059713,13.315705278662797,5.752401351934331,65.60486136017107,35.07931402578756,543.9037475585938,500.6499771118164,469.04350646972654,415.9847103881836,IGARASHI.BO,2023-11-23 11:08:12.118393
75,2023-08-04 00:00:00+05:30,556.9000244140625,576.0,556.0499877929688,561.75,14712,0.0,0.0,2023-08-04,498.73326263427737,26.644697519410013,525.3779601536874,472.0885651148674,552.0226576730973,445.44386759545733,136.82418768773704,235.63145057420078,426563,17366.628007127478,13031.285751752144,417.5274283751732,81.75208708154607,564.5999959309896,573.1500040690105,553.1999918619792,584.5500081380209,544.6499837239584,593.1000162760417,533.249979654948,0.03243080673805782,-11.966603244437737,17.71111528069258,11.877604940679214,5.833510340013367,70.85417371740493,34.59504795109414,530.09873046875,498.73326263427737,465.6379113769531,414.55788055419924,IGARASHI.BO,2023-11-23 11:08:12.118393
76,2023-08-03 00:00:00+05:30,544.0,560.0,543.4000244140625,556.1500244140625,5006,0.0,0.0,2023-08-03,495.8596252441406,22.222948081432044,518.0825733255726,473.63667716270857,540.3055214070047,451.41372908127653,167.9760529861807,208.86264791415314,411851,5850.372383927815,11947.45018790831,416.6604803230483,79.63027212027185,553.183349609375,562.9666748046875,546.36669921875,569.7833251953125,536.5833740234375,579.566650390625,529.7667236328125,0.07298177646725545,-3.734888323868697,14.410326749798173,10.419227355675872,3.991099394122301,69.90185184209835,33.454224020940586,513.0848266601563,495.8596252441406,462.04716552734374,413.01352355957033,IGARASHI.BO,2023-11-23 11:08:12.118393
77,2023-07-28 00:00:00+05:30,533.9699653930445,533.9699653930445,509.0180978513134,518.4000244140625,6979,0.0,0.0,2023-07-28,492.38768005371094,17.154106220283786,509.5417862739947,475.23357383342716,526.6958924942785,458.0794676131434,138.20613806341848,124.11730857734673,406845,7602.543541488732,13471.719638903434,416.374583163241,73.21298180883875,520.4626958861401,531.9072939209667,506.95542637923563,545.4145634278711,495.510828344409,556.8591614626978,482.00355883750456,0.049412089177901554,-26.840801114383304,10.517491654316586,9.421452507145297,1.0960391471712896,62.163183762147945,32.62443013266405,500.0354309082031,492.38768005371094,458.51552124023436,411.5012124633789,IGARASHI.BO,2023-11-23 11:08:12.118393
78,2023-07-26 00:00:00+05:30,511.06411496762877,540.9564630718236,509.4172978784548,534.6187133789062,48611,0.0,0.0,2023-07-26,490.3316452026367,16.316085893752405,506.6477310963891,474.0155593088843,522.9638169901415,457.6994734151319,236.28873877113432,145.93417626640868,413824,54610.910343547635,14939.01366325711,416.0822206080503,72.47250616471659,528.3308247763949,547.2443516743351,515.7051864809663,559.8699899697638,496.79165958302616,578.7835168677038,484.1660212875975,0.03221872239652593,-7.541539761721533,9.091930181248188,9.147442720352474,-0.05551253910428677,69.26901094762408,32.51669191507047,494.4162658691406,490.3316452026367,455.71592102050784,410.42928009033204,IGARASHI.BO,2023-11-23 11:08:12.118393
79,2023-07-24 00:00:00+05:30,460.11243361712246,486.81093166323535,460.11243361712246,479.57489013671875,2504,0.0,0.0,2023-07-24,487.89135284423827,12.561538916346679,500.452891760585,475.32981392789156,513.0144306769316,462.7682750115449,-47.968801820243314,14.282831449768574,365213,2523.4311801007852,5021.0394931844785,413.66807881067024,45.111010399649885,475.49941847235885,490.88640332759525,464.18790528148236,502.19791651847174,448.80092042624597,517.5849013737081,437.48940723536947,-0.17383014351355408,-63.32796358025526,5.5317278641722964,9.161320855128546,-3.629592990956249,51.96902897341869,32.37369492666352,484.7349426269531,487.89135284423827,452.38933837890625,409.08587158203125,IGARASHI.BO,2023-11-23 11:08:12.118393
80,2023-07-21 00:00:00+05:30,485.11419386392265,496.04312396992793,473.43673819465243,476.68048095703125,3184,0.0,0.0,2023-07-21,488.25565032958986,12.41242393502509,500.668074264615,475.84322639456474,513.08049819964,463.4308024595397,-10.632241180031272,32.83028046686791,362709,3189.3422962680684,5645.4415714554025,413.59886438455027,52.209739088987554,482.05344770720393,490.6701572197554,468.0637714444799,504.6598334824794,459.44706193192843,513.2765429950309,445.4573856692044,-0.18221255843695958,-69.84005440644822,6.310758582613744,10.068719102867608,-3.7579605202538637,50.61348943773357,34.700335393622574,481.84052734375,488.25565032958986,450.09177062988283,408.29539642333987,IGARASHI.BO,2023-11-23 11:08:12.118393
81,2023-07-20 00:00:00+05:30,490.05467607035354,500.5344603855037,486.9606384188781,490.9030456542969,4797,0.0,0.0,2023-07-20,488.4577606201172,12.245818004839398,500.7035786249566,476.2119426152778,512.949396629796,463.9661246104384,63.480747131471944,59.6169812514836,365893,4948.415396613323,6259.466390252235,413.51451377857677,67.2772365723014,492.7993814862262,498.6381245535743,485.0643025869487,506.3732034528518,479.2255595196006,512.2119465202,471.4904806203231,-0.18833690086735852,-48.13404685429162,7.497591867366054,11.00820923293107,-3.5106173655650164,58.106029871604164,36.21222310904283,480.16376342773435,488.4577606201172,447.8411120605469,407.5463412475586,IGARASHI.BO,2023-11-23 11:08:12.118393
82,2023-07-19 00:00:00+05:30,488.3080498071724,494.046979365458,484.16604586991343,490.30419921875,6398,0.0,0.0,2023-07-19,488.0759979248047,12.284527316548198,500.3605252413529,475.79147060825653,512.6450525579011,463.5069432917083,29.069446093480988,54.88228198500437,361096,6591.899128507134,6587.229138661963,413.35829456101453,72.9022508861437,489.50574148470713,494.8454370995008,484.96450360395625,499.3866749802517,479.62480798916255,504.7263705950454,475.08357010841166,-0.16596616361254357,-49.04798646569388,7.502791112244552,11.885863574322324,-4.383072462077772,57.861626295352046,36.64256954097844,476.8800964355469,488.0759979248047,445.36488830566407,406.6540625,IGARASHI.BO,2023-11-23 11:08:12.118393
83,2023-07-17 00:00:00+05:30,486.0125004978621,504.0277371367451,476.13153633346917,486.21209716796875,15401,0.0,0.0,2023-07-17,487.53953247070314,12.415674866408075,499.95520733711123,475.12385760429504,512.3708822035193,462.708182737887,12.722837487849755,55.891842268477646,354698,15735.312974302054,6586.061641200669,413.15056957915823,72.68344978909425,488.7904568793943,501.4493774253194,473.5531766220435,516.6866576826702,460.8942560761184,529.3455782285953,445.6569758187676,-0.23823078084444366,-55.29321718948381,7.454746368472456,12.981631689841766,-5.52688532136931,56.245921732941284,37.448450780553095,476.1415161132812,487.53953247070314,442.79484619140624,405.75280120849607,IGARASHI.BO,2023-11-23 11:08:12.118393
84,2023-07-14 00:00:00+05:30,457.01840249774176,468.74578031151486,456.9185889352217,465.1028137207031,1791,0.0,0.0,2023-07-14,488.07849273681643,12.58778642391729,500.6662791607337,475.49070631289914,513.254065584651,462.90291988898184,-142.66425912039927,9.100578121156467,339297,1750.4320525684016,4298.748807925323,412.67267941526967,65.07472558360307,463.5890609891465,470.2595330430713,458.43234166677814,475.4162523654397,451.76186961285333,482.0867244193645,446.60515029048497,-0.23950826180643103,-87.5095069853076,7.68329388533391,14.363353020184093,-6.6800591348501825,46.39519856122439,38.31632288471042,476.28125,488.07849273681643,440.1918670654297,404.96432220458985,IGARASHI.BO,2023-11-23 11:08:12.118393
85,2023-07-10 00:00:00+05:30,476.48085564084556,479.12574750381793,464.75347791701194,468.2966613769531,2662,0.0,0.0,2023-07-10,489.3061248779297,11.367215900274303,500.67334077820396,477.9389089776554,512.0405566784783,466.57169307738104,-142.6699840554773,25.629196025023298,341088,2619.5688483722456,4935.827996764552,412.6327679703074,66.8457498200452,470.725295599261,476.6971132815101,462.3248436947041,485.097565186067,456.353026012455,491.0693828683161,447.9525741078981,-0.2679811977983314,-93.8581026008171,9.938435001950438,16.03336780389664,-6.0949328019462,47.90869600520048,40.83235795413539,482.13994750976565,489.3061248779297,438.026044921875,404.4657836914063,IGARASHI.BO,2023-11-23 11:08:12.118393
86,2023-07-07 00:00:00+05:30,472.58837483751824,479.4251926877559,469.29474048046916,474.4847106933594,1984,0.0,0.0,2023-07-07,490.59863128662107,10.269221696259187,500.86785298288027,480.3294095903619,511.13707467913946,470.0601878941027,-162.35167576375576,34.9068270239411,343750,1978.1744809539123,5514.892783862629,412.5697166508143,69.5291263514275,474.40154795386144,479.5083554272537,469.377903219967,484.5320001611482,464.2710957465747,489.63880763454046,459.24745101268024,-0.11548959386139125,-90.23477672996026,12.36057105629169,17.557101004383185,-5.196529948091495,50.9005940329297,43.697615651500215,485.7529724121094,490.59863128662107,435.9490509033203,403.9612567138672,IGARASHI.BO,2023-11-23 11:08:12.118393
87,2023-06-30 00:00:00+05:30,490.25429455316265,494.09685770060645,483.417476909623,486.6112976074219,1769,0.0,0.0,2023-06-30,489.9374069213867,11.688997882778494,501.6264048041652,478.2484090386082,513.3154026869437,466.5594111558297,-86.7914630926946,60.98437942996815,345734,1808.8840322201866,6399.072359589807,412.5174027811856,71.77474807769912,488.0418774058838,492.66627790214454,481.9868971111611,498.7212581968672,477.36249661490035,503.345658693128,471.3075163201777,-0.09103610285559158,-78.29885846369757,14.66492870748715,18.856233491406055,-4.1913047839189055,57.426321012594194,46.34256362500591,490.11456298828125,489.9374069213867,433.81816162109374,403.47220001220705,IGARASHI.BO,2023-11-23 11:08:12.118393
88,2023-06-28 00:00:00+05:30,496.9414055262086,497.64007002573044,485.1142137994308,486.9107666015625,1768,0.0,0.0,2023-06-28,487.97369689941405,15.083314248182717,503.05701114759677,472.89038265123133,518.1403253957794,457.8070684030486,-61.49671748658832,67.40911017654966,347503,1808.9740753029646,7546.619441432213,412.46154072635085,71.23863720150888,489.8883501422412,494.66248648505166,482.136630258752,502.4142063685409,477.36249391594157,507.1883427113513,469.61077403245235,-0.08678440338210766,-73.10059181540747,16.198723826837522,19.90405968738578,-3.7053358605482565,57.59590052910606,47.59261899628386,492.78941040039064,487.97369689941405,431.5395574951172,402.60936462402344,IGARASHI.BO,2023-11-23 11:08:12.118393
89,2023-06-27 00:00:00+05:30,489.0565956134162,503.4288649845767,485.46352065592055,494.39630126953125,3971,0.0,0.0,2023-06-27,486.0823455810547,17.415020313511793,503.4973658945665,468.66732526754294,520.9123862080783,451.2523049540311,-22.614099035704637,78.44929241869357,349271,4125.492524995025,8981.030782964524,412.40540020197346,65.72782542573319,494.42956230334283,503.3956039507651,485.43025962210896,512.394906631999,476.4642179746867,521.3609482794213,467.4649152934528,-0.077165735511525,-57.70023707944849,17.88751799799445,20.830393652522844,-2.942875654528393,61.82870731292654,48.72202783630384,497.6799682617187,486.0823455810547,429.43761169433594,401.760002746582,IGARASHI.BO,2023-11-23 11:08:12.118393
90,2023-06-26 00:00:00+05:30,486.11226721533296,503.02964545123996,484.71496873639956,486.3617858886719,7669,0.0,0.0,2023-06-26,483.3027069091797,20.22766818456488,503.53037509374457,463.0750387246148,523.7580432783094,442.8473705400499,-37.33293095613823,77.44993767991234,345300,7837.8849940187365,10194.9153474569,412.26629744169804,67.50979820570919,491.3688000254371,498.02263131447467,479.70795459963426,509.6834767402775,473.0541233105967,516.3373080293151,461.39327788479386,-0.07186234731908232,-74.23003655071713,19.0414515453121,21.56611256615494,-2.5246610208428386,58.81556961160729,49.89579484397702,500.8538452148438,483.3027069091797,427.15202087402344,400.8782037353516,IGARASHI.BO,2023-11-23 11:08:12.118393
91,2023-06-23 00:00:00+05:30,518.699453630531,518.699453630531,493.94718184766384,496.29266357421875,8350,0.0,0.0,2023-06-23,480.5530120849609,23.29520338706336,503.84821547202426,457.2578086978976,527.1434188590877,433.9626053108342,46.552464519719926,100.17173344743874,352969,8708.132635855165,10784.17293581644,412.0227262040993,76.3380773127255,502.97976635080454,512.0123508539452,487.26007907107805,527.7320381336717,478.22749456793736,536.7646226368124,462.50780728821087,-0.11278642679761307,-53.798758628609505,21.021607351048658,22.197277821365645,-1.1756704703169873,64.6781486632515,51.182541528322446,504.4369384765625,480.5530120849609,425.1708428955078,400.0882278442383,IGARASHI.BO,2023-11-23 11:08:12.118393
92,2023-06-22 00:00:00+05:30,511.56317685609474,518.4000251224588,493.4481270878082,499.98553466796875,5532,0.0,0.0,2023-06-22,476.97740936279297,26.074578385635352,503.0519877484283,450.90283097715763,529.1265661340636,424.82825259152224,65.10288258731035,107.48243417050608,361319,5812.196862040841,11303.183010806757,411.72002660393645,85.34882282458236,503.9445622927453,514.4409974976824,489.4890994630317,528.896460327396,478.99266425809463,539.392895532333,464.5372014283811,-0.0795983414495415,-35.71429110236478,22.260256643134028,22.491195438944892,-0.2309387958108644,66.9819587871666,51.49050073265233,502.5206298828125,476.97740936279297,422.8403381347656,399.20842498779297,IGARASHI.BO,2023-11-23 11:08:12.118393
93,2023-06-21 00:00:00+05:30,500.434656053285,522.4422217962659,500.434656053285,511.3635559082031,7106,0.0,0.0,2023-06-21,472.8129425048828,28.72316515140465,501.53610765628747,444.08977735347815,530.2592728076921,415.3666122020735,136.52764429994832,125.65312337685837,366851,7635.81997821941,12675.929547998236,411.5094739839299,89.22412162340231,511.41347791925136,522.3922997852178,500.3847340422368,533.4210436622323,489.4059121762704,544.3998655281987,478.37716829925586,-0.07992101305682679,-14.9093818495136,23.145134619326484,22.548930137897607,0.5962044814288774,74.59054751870525,51.83506463232249,497.97938842773436,472.8129425048828,420.2473394775391,398.255263671875,IGARASHI.BO,2023-11-23 11:08:12.118393
94,2023-06-20 00:00:00+05:30,505.2753125775997,519.6476125024204,495.0450469896088,510.26568603515625,26100,0.0,0.0,2023-06-20,468.08955535888674,29.79734354723534,497.8868989061221,438.2922118116514,527.6842424533575,408.4948682644161,153.40304960222323,128.66830011393066,359745,27985.790327402683,13935.95694044294,411.2025638181466,87.07012227816183,508.31944850906183,521.5938500285149,496.9912845157032,532.9220140218735,483.7168829962502,546.1964155413265,472.3887190028916,-0.08552183259594412,-11.569257625635025,22.806800017923706,22.399879017540385,0.4069210003833206,74.32881485523436,51.36970281259097,492.86925048828124,468.08955535888674,417.4836706542969,397.18383056640624,IGARASHI.BO,2023-11-23 11:08:12.118393
95,2023-06-19 00:00:00+05:30,491.35217239185687,518.9988543148503,487.5595006400084,504.2772521972656,24231,0.0,0.0,2023-06-19,464.0548385620117,29.243982117848844,493.29882067986057,434.8108564441628,522.5428027977093,405.566874326314,171.6719008540416,129.70040792970016,333645,25676.83082997225,10423.498593703003,410.0714574147872,84.84816526314924,503.6118690507081,519.6642374614078,488.2248837865659,535.0512227255499,472.1725153758662,551.1035911362496,456.78553011172403,-0.13301317761759912,-18.300245761561666,22.13619517456533,22.29814876744455,-0.16195359287922173,72.9182646061864,50.9600588371233,488.18828125,464.0548385620117,414.4525177001953,396.12537261962893,IGARASHI.BO,2023-11-23 11:08:12.118393
96,2023-06-16 00:00:00+05:30,481.3215233256244,496.841572702932,481.3215233256244,486.71112060546875,5475,0.0,0.0,2023-06-16,459.84296264648435,29.212189433475363,489.0551520799597,430.630773213009,518.2673415134351,401.4185837795336,16.688063910640125,112.99257570667996,309414,5599.588298532317,6610.16553463569,409.06213906888286,80.19352677836343,488.2914055446751,495.2612877637258,479.7412383864182,503.8114549219827,472.7713561673675,510.7813371410334,464.2211890091106,-0.16005645717678582,-26.65910648053572,21.531990864079546,22.33863716566436,-0.8066463015848129,68.15191076322853,50.53931269067253,483.4773681640625,459.84296264648435,411.31357238769533,395.18119384765623,IGARASHI.BO,2023-11-23 11:08:12.118393
97,2023-06-15 00:00:00+05:30,485.8128537808547,492.64967147693113,476.68047648875717,477.2793273925781,5389,0.0,0.0,2023-06-15,456.61668701171874,29.648546234571377,486.2652332462901,426.96814077714737,515.9137794808615,397.319594542576,-24.196399013381797,109.64913684494748,303939,5404.823448658952,6862.809843661533,408.8737083415455,81.7513612282275,482.20315845275553,487.7258404167539,471.75664542857993,498.1723534409295,466.23396346458156,503.69503540492786,455.78745044040596,-0.1484062193961194,-37.3794545390937,22.16218177690604,22.54029874106056,-0.3781169641545219,65.08982721633626,50.89445642889161,482.7887023925781,456.61668701171874,408.4031866455078,394.3547882080078,IGARASHI.BO,2023-11-23 11:08:12.118393
98,2023-06-14 00:00:00+05:30,490.5038295422662,492.84928074910755,482.8685336261299,485.8128662109375,2249,0.0,0.0,2023-06-14,453.4028854370117,30.753949124510264,484.156834561522,422.64893631250146,514.9107836860322,391.8949871879912,37.1395888870409,124.91275675531192,309328,2295.93279928012,7227.306442412178,408.70992475133653,85.42866751600195,487.176893528725,491.4852534313201,481.5045063083424,497.15764065170265,477.1961464057473,501.46600055429775,471.5237591853647,-0.11364982171569991,-26.06836654415268,23.562115204795816,22.634827982099186,0.9272872226966307,70.80816276053407,51.46094760914808,483.24781494140626,453.4028854370117,405.5177526855469,393.6266928100586,IGARASHI.BO,2023-11-23 11:08:12.118393
99,2023-06-13 00:00:00+05:30,483.46739186234385,493.29843401903,481.12191016118163,486.86083984375,3552,0.0,0.0,2023-06-13,449.5403366088867,31.315226436703313,480.85556304559003,418.2251101721834,512.1707894822933,386.9098837354801,43.533663790866136,133.62663419538137,311577,3633.9463016543473,8460.149853195191,408.6328051103371,83.21306149590131,487.09372800798724,493.06554585479284,480.88902199694445,499.27025186583563,474.91720415013884,505.24206971264124,468.71249813909606,-0.12079857514034963,-24.52731280093295,24.157028191652614,22.403006176425027,1.7540220152275872,71.52641762423828,51.358262713595536,485.48350219726564,449.5403366088867,402.60137817382815,392.7878112792969,IGARASHI.BO,2023-11-23 11:08:12.118393
100,2023-06-12 00:00:00+05:30,483.3176871527806,490.0546915684363,480.07394428598343,480.7226867675781,3703,0.0,0.0,2023-06-12,445.89736328125,30.98131660036258,476.8786798816126,414.91604668088746,507.8599964819752,383.93473008052484,39.94412964864099,136.7031473006755,308025,3740.6668835277214,9666.700741080402,408.5090319225743,82.1346601290906,483.617107540666,487.16027079534854,477.1795235128957,493.59785482311884,473.63636025821313,497.1410180778014,467.19877623044283,-0.09125144527677148,-30.31859359449057,24.449471988387018,21.96450067261813,2.484971315768888,69.8666913941404,51.24767897992356,486.04242553710935,445.89736328125,399.9305303955078,391.9469332885742,IGARASHI.BO,2023-11-23 11:08:12.118393
101,2023-06-09 00:00:00+05:30,483.5173104281194,485.91268366505125,473.83597345777514,483.2677917480469,2631,0.0,0.0,2023-06-09,442.48394775390625,30.70196265276556,473.18591040667184,411.78198510114066,503.88787305943737,381.08002244837513,41.74860605469621,141.6492752102046,311728,2671.8335831350378,11148.20920546857,408.3897207304264,82.18268723100059,481.0054829569578,488.17499245614044,476.09828224886434,493.0821931642339,468.9287727496817,500.25170266341655,464.02157204158823,-0.030057709520129445,-27.697817915841455,25.057957197944404,21.343257843675907,3.7146993542684967,71.47335759255611,51.23772257853506,488.72724609375,442.48394775390625,397.4163806152344,391.1335021972656,IGARASHI.BO,2023-11-23 11:08:12.118393
102,2023-06-08 00:00:00+05:30,498.6880144218911,501.43271982850086,477.9280729845174,479.57489013671875,11064,0.0,0.0,2023-06-08,438.05748596191404,30.893730359978772,468.9512163218928,407.1637556019353,499.8449466818716,376.2700252419565,69.69181858286444,162.96086959170503,309097,11149.85725903958,13267.303111051953,408.3017184840283,81.57025139860144,486.31189431657896,494.6957156486405,471.19106880465705,509.8165411605624,462.8072474725955,518.200362492624,447.6864219606736,-0.11411061863519946,-31.500516351027557,25.206682359105002,20.414583005108785,4.792099353996218,70.56378157953617,51.36521655667375,484.325732421875,438.05748596191404,394.8104071044922,390.3719708251953,IGARASHI.BO,2023-11-23 11:08:12.118393
103,2023-06-07 00:00:00+05:30,492.84926817283457,505.6745339903569,492.45004438986723,496.9913024902344,10362,0.0,0.0,2023-06-07,433.2168243408203,31.622212886599705,464.83903722742,401.5946114542206,496.4612501140197,369.9723985676209,122.88117675525234,201.86825996682225,320161,10821.639966058092,13796.664574055045,407.94771441268875,89.19234199152496,498.37196029015286,504.2938761904385,491.0693865899488,511.59644989064253,485.1474706896632,517.5183657909281,477.84489698945913,-0.07284998371114537,-13.566281710140156,25.378871059598964,19.21655816660973,6.162312892989235,82.0293230458764,51.098759223446834,477.878173828125,433.2168243408203,392.19545166015627,389.6249118041992,IGARASHI.BO,2023-11-23 11:08:12.118393
104,2023-06-06 00:00:00+05:30,485.0643068065333,510.16587955465417,480.72267574643865,489.65545654296875,21905,0.0,0.0,2023-06-06,427.37060089111327,29.97673966695683,457.3473405580701,397.39386122415647,487.32408022502693,367.4171215571996,157.0738012377793,210.97435941785037,309799,22538.995688772306,14540.420726054283,407.531572773,86.27206389622921,493.5146706146872,506.3066654829357,476.8634616747202,522.9578744229027,464.0714668064717,535.7498692911513,447.4202578665047,-0.059323958446687815,-19.77862177624999,23.499543693451926,17.675979943362417,5.823563750089509,80.80930380954078,49.254539435344796,468.2966613769531,427.37060089111327,389.17927001953126,388.70319000244143,IGARASHI.BO,2023-11-23 11:08:12.118393
105,2023-06-05 00:00:00+05:30,465.85136574327623,505.2254248010897,459.5635073233074,494.14678955078125,36448,0.0,0.0,2023-06-05,421.8038391113281,28.079073772918857,449.88291288424693,393.72476533840927,477.9619866571658,365.6456915654904,195.96001583762117,215.47479347372757,331704,37846.906302044255,12540.776985374774,406.7121280721573,83.26892837908228,486.31190722505943,513.0603071268115,467.3983896490292,531.9738247028417,440.6499897472772,558.7222246045937,421.73647217124693,-0.013491073719889057,-11.21779128257154,21.459851155941976,16.220089005840038,5.239762150101939,84.0505218928764,47.26845658661952,458.12627563476565,421.8038391113281,386.4255816650391,387.8548266601563,IGARASHI.BO,2023-11-23 11:08:12.118393
106,2023-06-02 00:00:00+05:30,448.1355469798031,468.9953024289692,448.1355469798031,461.2602233886719,14042,0.0,0.0,2023-06-02,416.20713500976564,23.71735604926026,439.9244910590259,392.48977896050536,463.64184710828613,368.77242291124514,146.55408038916707,169.45168548601333,295256,13610.550089388655,6214.244656207403,405.23596182906243,76.3545155521803,459.46369093248137,470.79183488515963,449.93207943599356,480.32344638164744,438.6039354833153,491.6515903343257,429.0723239868275,-0.175055102102372,-11.742423156462122,18.080949108573634,14.910148468314551,3.170800640259083,78.06660416976179,45.206074382510195,445.57049560546875,416.20713500976564,383.4932385253906,387.09279663085937,IGARASHI.BO,2023-11-23 11:08:12.118393
107,2023-06-01 00:00:00+05:30,454.9224405962735,456.1201424317021,438.55402144541245,447.33709716796875,3538,0.0,0.0,2023-06-01,412.12251434326174,22.55603947831138,434.67855382157313,389.56647486495035,457.2345932998845,367.01043538663896,118.31084874193299,152.36674379894606,281214,3325.7794714815,4365.16829791209,404.8691721609899,75.71406681153896,447.33708701502775,456.12015258464305,438.5540315983534,464.9032080013174,429.7709660287381,473.6862735709327,420.98791061206373,-0.23569717228129403,-14.239465779155656,16.719805289520764,14.117448308249779,2.602356981270985,74.27333863459666,43.72851121608998,438.2745727539062,412.12251434326174,381.4182415771484,386.62120635986327,IGARASHI.BO,2023-11-23 11:08:12.118393
108,2023-05-31 00:00:00+05:30,441.4484441269249,453.1259307369349,441.4484441269249,449.083740234375,2204,0.0,0.0,2023-05-31,408.67666015625,22.153812698917616,430.8304728551676,386.52284745733243,452.98428555408526,364.3690347584148,156.2966980748368,167.45218366799463,284752,2079.8864505683127,4625.015504519737,404.79900274797166,85.48262707288814,447.88603836607825,454.3236326052316,442.6461459952216,459.5635249760882,436.2085517560683,466.00111921524154,430.96865938521165,-0.23306871792759526,-8.304685751245938,16.095015326416046,13.466859062932032,2.628156263484014,75.80376441195702,42.521358458958964,432.1463928222656,408.67666015625,379.6087316894531,386.1790591430664,IGARASHI.BO,2023-11-23 11:08:12.118393
109,2023-05-30 00:00:00+05:30,422.18559046915857,445.14130815424284,422.18559046915857,438.80352783203125,2604,0.0,0.0,2023-05-30,404.63695220947267,21.760703521384414,426.3976557308571,382.87624868808825,448.1583592522415,361.11554516670384,115.52781450311835,147.33608668993645,282548,2401.108553696871,5261.297768007592,404.7533736497212,85.26302538543956,435.3768088184775,448.56802716779646,425.6123094827122,458.3325265035618,412.42109113339325,471.5237448528807,402.6565917976279,-0.2329146560270039,-22.02021496497069,14.87921309701585,12.809819997061028,2.069393099954821,72.73983950653003,41.318877803396724,425.70880737304685,404.63695220947267,377.82517211914063,385.7608654785156,IGARASHI.BO,2023-11-23 11:08:12.118393
110,2023-05-26 00:00:00+05:30,445.2411213814095,455.1220546336655,429.9206689330075,431.3678894042969,17841,0.0,0.0,2023-05-26,400.9316009521484,21.94530065600238,422.8769016081508,378.98630029614606,444.8222022641532,357.04099964014364,200.1435527650138,171.2895560427095,279944,16172.148152055233,5976.345071585271,404.7118720061188,87.8290339611764,438.80353765698993,447.68640638097236,422.48502068031434,464.00492335764795,413.6021519563319,472.8877920816304,397.2836349796563,-0.2572581340068361,-29.74998734343392,14.10962035662044,12.292471722072321,1.8171486345481185,70.20424472969884,40.293834078330754,423.86237182617185,400.9316009521484,376.6234906005859,385.39207733154296,IGARASHI.BO,2023-11-23 11:08:12.118393
111,2023-05-25 00:00:00+05:30,416.7460893178193,429.6212776397754,416.7460893178193,424.7806091308594,3083,0.0,0.0,2023-05-25,397.5705841064453,22.18474829166782,419.7553323981131,375.3858358147775,441.940080689781,353.20108752310966,70.34790513664201,138.12861470411224,262103,2751.9396941790988,3427.3943014677807,404.48740030714845,84.59412110214672,423.71599202948465,430.68589474115,417.8107064191939,436.59118035144076,410.84080370752855,443.5610830631061,404.9355180972378,-0.12656682640304884,-25.970130133567718,13.64282403632103,11.83818456343529,1.8046394728857411,67.73594321875035,38.21937669089978,421.59674072265625,397.5705841064453,375.4886798095703,385.0776840209961,IGARASHI.BO,2023-11-23 11:08:12.118393
112,2023-05-24 00:00:00+05:30,418.6923469589142,426.0282022762999,415.14919387020484,416.6961975097656,3553,0.0,0.0,2023-05-24,394.68614654541017,22.211028278262116,416.8971748236723,372.47511826714805,439.1082031019344,350.2640899888859,33.32430431008184,132.92766736342645,259020,3111.11059150675,3596.257953289951,404.45782673203394,83.97135782043038,419.2911978854234,423.43320190064196,412.5541934945469,430.17020629151847,408.41218947932833,434.31221030673703,401.6751850884518,-0.12308112451457923,-38.05969116665166,13.487221137468339,11.387024695213853,2.100196442254486,64.37603572865308,36.82375007643699,421.07774047851564,394.68614654541017,374.2390899658203,384.7827526855469,IGARASHI.BO,2023-11-23 11:08:12.118393
113,2023-05-23 00:00:00+05:30,431.966716541146,433.3141234734334,413.0532193142847,416.89581298828125,1122,0.0,0.0,2023-05-23,391.94144134521486,22.733601648698368,414.6750429939132,369.2078396965165,437.4086446426116,346.4742380478181,66.07811994520402,147.9394501548421,262573,982.9266151167951,3717.544793735751,404.43723805713773,88.31384224686813,421.0877185919998,429.1222178697149,408.8613137105662,441.3486227511485,400.8268144328511,449.3831220288636,388.6004095514175,-0.08645496425163031,-37.76118292340904,13.879842492719717,10.861975584650231,3.017866908069486,64.5304926160016,35.47363952431921,420.33916015625,391.94144134521486,373.18312683105466,384.49181396484374,IGARASHI.BO,2023-11-23 11:08:12.118393
114,2023-05-22 00:00:00+05:30,420.6884912496303,442.1470975648546,419.4408978592103,429.57135009765625,4558,0.0,0.0,2023-05-22,388.8998077392578,23.28204335806074,412.18185109731854,365.6177643811971,435.4638944553793,342.33572102313633,128.2021384399893,191.1724484597983,263695,4114.436216108272,4401.19933839049,404.43061586786393,90.00672663864825,430.3864485072404,441.3319991552705,418.6257994496262,453.09264821288474,407.68024880159606,464.03819886091486,395.91959974398185,-0.08024154617057933,-16.89008553975789,14.152557059623803,10.10750885763286,4.045048201990943,75.1446547465874,34.01967431434622,418.67237548828126,388.8998077392578,372.05130981445313,384.2782257080078,IGARASHI.BO,2023-11-23 11:08:12.118393
115,2023-05-19 00:00:00+05:30,420.1894389964971,426.2277786085237,414.1510993844705,420.03973388671875,4148,0.0,0.0,2023-05-19,385.26182556152344,22.254261460233007,407.51608702175645,363.0075641012904,429.77034848198946,340.7533026410574,83.31211830650965,171.41489180919837,259137,3661.2537276908324,4472.890118961044,404.3762117927525,89.60193181603657,420.13953729323765,426.1279752020048,414.0512959779516,432.21621651729083,408.0628580691845,438.20465442605797,401.97461675389843,-0.09962310251793854,-23.0236180108533,13.038933311636413,9.096246807135124,3.942686504501289,71.92147948524877,31.562652713679014,415.5583801269531,385.26182556152344,370.59112670898435,383.9982659912109,IGARASHI.BO,2023-11-23 11:08:12.118393
116,2023-05-17 00:00:00+05:30,414.40063725278907,425.47924231316006,414.40063725278907,422.18560791015625,1802,0.0,0.0,2023-05-17,382.48218688964846,21.124965012629925,403.60715190227836,361.35722187701856,424.7321169149083,340.2322568643886,96.4572057458504,188.71556538152686,263285,1598.6703321635873,4675.799216778597,404.3453043241568,95.38031165781031,420.6884958253684,426.9763543979478,415.8977493375768,431.7671008857394,409.60989076499743,438.05495945831876,404.8191442772058,-0.10691716949639332,-19.80810600174776,12.354317635189773,8.110575181009802,4.243742454179971,73.92985468292937,29.46696633066085,414.04130859375,382.48218688964846,369.4453375244141,383.95534881591794,IGARASHI.BO,2023-11-23 11:08:12.118393
117,2023-05-16 00:00:00+05:30,411.00714651186445,416.9457031204483,406.4659188409397,413.0032958984375,2886,0.0,0.0,2023-05-16,379.76991882324216,19.148996421153438,398.9189152443956,360.62092240208875,418.06791166554905,341.4719259809353,75.8135375070087,172.28930413383833,261483,2504.670200315486,5445.081437932349,404.3299982174871,94.21120368017812,412.13830595327516,417.8106930656106,407.33090878610204,422.61809023278374,401.6585216737666,428.2904773451192,396.85112450659346,-0.12434421625460061,-31.42861646790633,11.079279401140184,7.0496395674648085,4.029639833675375,70.68415618954492,27.239421858965535,408.55189819335936,379.76991882324216,368.12688110351564,383.8500518798828,IGARASHI.BO,2023-11-23 11:08:12.118393
118,2023-05-15 00:00:00+05:30,414.4505243603479,423.68271545085537,408.26244895939755,408.5618896484375,2078,0.0,0.0,2023-05-15,377.75380859375,17.51915842933501,395.272967023085,360.23465016441503,412.79212545242007,342.71549173508,101.73864851287934,194.80843543368192,258597,1784.0380025217873,6180.184247336565,404.3180642337309,98.4857550479515,413.50235135289677,418.742253746396,403.32198725493816,428.9226178443546,398.08208486143894,434.1625202378538,387.90172076348034,-0.14573207234497187,-36.3754146980652,10.183294823834672,6.042229609045963,4.141065214788709,68.9479106008734,25.188174680171933,402.5035705566406,377.75380859375,366.6686944580078,383.7916647338867,IGARASHI.BO,2023-11-23 11:08:12.118393
119,2023-05-12 00:00:00+05:30,418.1932992136794,419.34107902667796,403.1223651550257,414.0013732910156,10732,0.0,0.0,2023-05-12,376.4163879394531,15.998464556233552,392.41485249568666,360.41792338321955,408.4133170519202,344.419458826986,131.16097064779734,210.7129491736598,260675,9336.479548217607,7279.220808540259,404.31385562654066,96.69253952329362,412.1549391575731,421.1875131601205,404.96879928846823,428.37365302922535,395.93622528592084,437.40622703177274,388.750085416816,-0.12406930738966258,-23.993678130815436,9.319281930180807,5.006963305348785,4.312318624832022,73.92937507533438,22.722093667160078,396.8045593261719,376.4163879394531,365.50194458007815,383.95634704589844,IGARASHI.BO,2023-11-23 11:08:12.118393
120,2023-05-11 00:00:00+05:30,394.4391397876959,419.14148899873624,394.4391397876959,412.4543762207031,13710,0.0,0.0,2023-05-11,374.72215728759767,13.390333859166425,388.1124911467641,361.3318234284312,401.5028250059305,347.94148956926483,174.2541602024435,213.45374765923742,249943,11882.671064895303,6764.906123620921,404.26398342234825,95.08282334398514,408.6783350023784,422.91753021706086,398.21518100602054,433.3806842134187,383.9759857913381,447.61987942810117,373.51283179498023,-0.2111838573936015,-25.635607006518548,7.536175640473459,3.9288836491407797,3.6072919913326795,73.42131206063767,20.234754856698796,389.6683288574219,374.72215728759767,364.31922607421876,384.109052734375,IGARASHI.BO,2023-11-23 11:08:12.118393
121,2023-05-10 00:00:00+05:30,385.1071408507538,436.6078030357253,382.4123268949054,394.7385559082031,29086,0.0,0.0,2023-05-10,373.464582824707,10.537263000497811,384.00184582520484,362.9273198242092,394.5391088257026,352.3900568237114,206.73073314526732,213.0043704193623,236233,24126.49601730237,5485.464888302326,404.2097617135042,89.6301365764457,404.5862286129446,426.76013033098377,372.5646541901639,458.7817047537645,350.3907524721247,480.95560647180366,318.369178049344,-0.3895094446003285,-44.43856241352886,5.291430547083905,3.0270606513076097,2.2643698957762957,66.48854195011087,17.563657444233023,383.6199951171875,373.464582824707,363.0796173095703,384.29669067382815,IGARASHI.BO,2023-11-23 11:08:12.118393
122,2023-05-09 00:00:00+05:30,383.8595460060513,392.2433676191228,381.01502694300285,382.76165771484375,956,0.0,0.0,2023-05-09,372.71602630615234,9.418854208900962,382.1348805150533,363.2971720972514,391.5537347239543,353.8783178883504,92.16239862777456,121.17566760729412,207147,768.9303863829127,825.207106052314,404.34467760251573,68.6411943778178,385.34001742565647,389.6650079083101,378.43666723219013,396.5683581017764,374.1116767495365,400.89334858443004,367.2083265560702,-0.18676627829527795,-19.019016195361015,4.082043290913418,2.4609681773635357,1.6210751135498827,59.92650088477834,14.687091000039114,380.5858459472656,372.71602630615234,362.5077203369141,384.6016021728516,IGARASHI.BO,2023-11-23 11:08:12.118393
123,2023-05-08 00:00:00+05:30,378.6695350081538,386.55431904472175,375.27608712063596,380.06683349609375,1163,0.0,0.0,2023-05-08,372.0947235107422,9.126632066560381,381.2213555773026,362.9680914441818,390.34798764386295,353.84145937762145,68.12556116860634,100.280949963567,206191,928.8388921373513,839.2762859696642,404.3547875130763,62.79772642629848,380.63241322048384,385.9887393203317,374.71050739624593,391.9106451445696,369.35418129639805,397.2669712444175,363.43227547216014,-0.18182521889660572,-16.758540631907877,3.6513549851485436,2.0556993989760652,1.5956555861724784,58.22074413313682,14.097715590238556,379.71751708984374,372.0947235107422,362.53466857910155,385.14205963134765,IGARASHI.BO,2023-11-23 11:08:12.118393
124,2023-05-05 00:00:00+05:30,381.5140723235628,384.2088863259901,377.02273595873345,378.3202209472656,295,0.0,0.0,2023-05-05,371.75038757324216,8.937988224271646,380.6883757975138,362.81239934897053,389.62636402178543,353.8744111246989,78.9190531023043,101.46305765432767,205028,234.52129039018445,816.8856344277424,404.3686357794363,52.209627595611195,379.850614410663,382.6784928625926,375.49234249533595,387.03676477791964,372.6644640434064,389.8646432298492,368.3061921280793,-0.16287892351335675,-20.617377513086105,3.3100192366574674,1.6567855024329459,1.6532337342245216,57.11810112741379,14.026539615666865,377.3620666503906,371.75038757324216,362.9259143066406,385.7324209594727,IGARASHI.BO,2023-11-23 11:08:12.118393
125,2023-05-04 00:00:00+05:30,383.51019240856243,387.65219620227765,380.41615483607836,382.21270751953125,114,0.0,0.0,2023-05-04,370.7697784423828,9.249675141706305,380.0194535840891,361.5201033006765,389.26912872579544,352.27042815897016,136.7223769432901,132.25377975510773,205323,91.56103175499955,962.4767204371318,404.37240360589885,53.99720857491995,383.42701951929575,386.43788420251315,379.20184283631386,390.66306088549504,376.19097815309647,393.67392556871243,371.96580147011457,-0.15369520123365824,-23.19539749629047,2.9948691091307182,1.2434770688768153,1.751392040253903,60.40890547820587,14.194823283373532,374.6373229980469,370.7697784423828,363.4778497314453,386.39763793945315,IGARASHI.BO,2023-11-23 11:08:12.118393
126,2023-05-03 00:00:00+05:30,377.77128771665434,387.15318414678273,377.52176903256145,379.56781005859375,913,0.0,0.0,2023-05-03,369.02564239501953,10.2166435943112,379.24228598933075,358.8089988007083,389.4589295836419,348.59235520639714,187.59247485011062,127.73064348774753,205209,728.2170721230916,1180.205642607665,404.37364234687635,50.95322567782962,381.41425441264596,385.30673979273047,375.6753246785092,391.04566952686724,371.7828392984247,394.93815490695175,366.0439095642879,-0.15201392191156313,-28.296454183386675,2.162653690875061,0.8056290588133397,1.3570246320617212,58.91728947772908,13.920010937511774,371.0242919921875,369.02564239501953,363.97988159179687,387.0498797607422,IGARASHI.BO,2023-11-23 11:08:12.118393
127,2023-05-02 00:00:00+05:30,369.3874496475248,384.70790226342035,367.690710487382,378.4200134277344,2235,0.0,0.0,2023-05-02,367.10684356689455,11.637426375478938,378.7442699423735,355.46941719141563,390.3816963178524,343.8319908159367,193.4847475131997,102.99447279382696,204296,1777.265574589023,1293.2027852288081,404.3847527779353,49.185291823484675,376.93954205951223,386.1883736316425,369.1711818556041,393.9567338355506,359.92235028347386,403.20556540768087,352.15399007956574,-0.14731452555526497,-30.510141392718555,1.3248806145510343,0.46637290079790933,0.858507713753125,58.28152363084029,13.670180224492869,368.5291015625,367.10684356689455,364.4869036865234,387.7919482421875,IGARASHI.BO,2023-11-23 11:08:12.118393
128,2023-04-28 00:00:00+05:30,366.9421742998725,370.0861036582196,364.64661456744733,368.2895812988281,2110,0.0,0.0,2023-04-28,364.8362243652344,13.581757354594801,378.4179817198292,351.2544670106396,391.999739074424,337.6727096560448,43.87861658337989,41.51223250504076,202061,1632.9488937264543,1172.1870878887544,404.41325273862043,43.87948342101481,367.6740998414984,370.70158511554945,365.2620960247772,373.11358893227066,362.2346107507261,376.1410742063217,359.8226069340049,-0.23880578900167201,-50.04810432607727,0.3452438348034548,0.25174597235962803,0.09349786244382674,52.23549327513588,13.619777097103146,365.205517578125,364.8362243652344,365.14263916015625,388.5110614013672,IGARASHI.BO,2023-11-23 11:08:12.118393
129,2023-04-27 00:00:00+05:30,363.9479466330483,369.2377610126659,363.7982415143133,364.6965026855469,1745,0.0,0.0,2023-04-27,363.421452331543,14.635915407046912,378.0573677385899,348.78553692449606,392.6932831456368,334.14962151744913,-11.448521989471619,31.474592463159734,199951,1337.2965813377732,1056.996636429329,404.4507247820495,38.63739475187802,365.91083507084204,368.0234286273708,362.5839091290182,371.3503545691946,360.47131557248946,373.46294812572336,357.1443896306656,-0.51754246184726,-56.97786170164072,0.08347500320360268,0.2283715067486713,-0.1448965035450686,49.84344521075534,14.218159071889712,362.7602294921875,363.421452331543,365.78240478515625,389.36990447998045,IGARASHI.BO,2023-11-23 11:08:12.118393
130,2023-04-26 00:00:00+05:30,366.69263073651535,366.9920714153156,361.5026606843533,364.1475524902344,832,0.0,0.0,2023-04-26,362.85254974365233,14.803915302009546,377.6564650456619,348.0486344416428,392.46038034767145,333.2447191396332,-39.193533041869664,21.260074288208322,198206,636.651000769413,986.9216502022178,404.484858568176,35.73945214558559,364.2140948633011,366.9255290422489,361.43611831128663,369.7035055942634,358.72468413233884,372.4149397732112,355.94670758032436,-0.5020108068990545,-58.03658934837869,0.10093060491487904,0.2645956326349384,-0.16366502772005936,49.48354589502957,14.75799949622761,361.1832702636719,362.85254974365233,366.4990222167969,390.3060986328125,IGARASHI.BO,2023-11-23 11:08:12.118393
131,2023-04-25 00:00:00+05:30,359.50651465156966,369.7866717501641,359.50651465156966,367.09185791015625,2418,0.0,0.0,2023-04-25,362.39593200683595,14.902382917998462,377.2983149248344,347.4935490888375,392.2006978428329,332.591166170839,-39.853221783477316,31.63165523228098,199038,1865.2272557215722,1074.489312560419,404.50137871176304,41.1773746762225,365.46168143729665,371.41684822302364,361.1366911244292,375.7418385358911,355.1815243387022,381.69700532161806,350.8565340258348,-0.46079320944694585,-52.35808230870598,0.17581308990310163,0.30551188956495323,-0.1296987996618516,51.311075402524835,15.070534871935466,361.24315185546874,362.39593200683595,367.25157043457034,391.23131378173827,IGARASHI.BO,2023-11-23 11:08:12.118393
132,2023-04-24 00:00:00+05:30,342.38952761560165,366.542948524212,342.38952761560165,361.8020935058594,1342,0.0,0.0,2023-04-24,361.689794921875,15.002420612343272,376.69221553421824,346.6873743095317,391.6946361465615,331.68495369718846,-108.71175897810875,-26.97448673993926,196620,1020.2915639916678,876.8048267701307,404.54595863039526,31.510901757790506,356.91152321522435,371.43351881484705,347.2800979062367,381.0649441238347,332.758102306614,395.5869397234574,323.1266769976263,-0.5248485119829607,-62.5601368254575,-0.02094794551959467,0.3379365894804161,-0.3588845350000108,48.10909642340161,15.40711143039008,361.41282958984374,361.689794921875,367.94323669433595,392.25434051513673,IGARASHI.BO,2023-11-23 11:08:12.118393
133,2023-04-21 00:00:00+05:30,350.3242114788181,364.84618583949674,350.3242114788181,356.0631408691406,641,0.0,0.0,2023-04-21,361.0410461425781,15.275364082964671,376.31641022554277,345.7656820596135,391.59177430850747,330.4903179766488,-141.16993838614,-29.492106354859143,195278,479.60726433017624,840.9331424647464,404.5742474265796,40.771106116217574,357.07784606248515,363.8314806461522,349.30950628547356,371.5998204231638,342.5558717018065,378.35345500683087,334.7875319247949,-0.573014402412556,-63.48548967339796,0.24841734357482892,0.42765772323041873,-0.1792403796555898,44.4267410674397,15.409217115307607,363.5886291503906,361.0410461425781,368.71075622558595,393.26139770507814,IGARASHI.BO,2023-11-23 11:08:12.118393
134,2023-04-20 00:00:00+05:30,364.89611773402856,379.31827892599614,355.81363183935207,356.81170654296875,2036,0.0,0.0,2023-04-20,360.5470001220703,15.601149991101254,376.14815011317154,344.94585013096906,391.74930010427283,329.34470013986777,-112.29992206537041,7.102381784125874,195919,1526.5729854270649,931.264611998389,404.58958740256656,36.77887500422032,363.981205769439,372.1487796995259,348.64413261288183,387.48585285608306,340.4765586827949,395.65342678617,325.13948552623776,-0.48425855655209327,-57.64799057902952,1.1547225212046897,0.47246781814431615,0.6822547030603735,44.81257377366735,16.103760600937086,368.7386962890625,360.5470001220703,369.73677734375,394.0618539428711,IGARASHI.BO,2023-11-23 11:08:12.118393
135,2023-04-19 00:00:00+05:30,371.93252049045486,371.93252049045486,363.94792311313637,364.44696044921875,328,0.0,0.0,2023-04-19,360.30496673583986,15.699387904279316,376.0043546401192,344.60557883156054,391.7037425443985,328.9061909272812,-75.87455030580912,15.6923889848488,197955,251.19377964257615,782.43751864122,404.6376233705844,23.038053019397807,366.77580135093666,369.60367958873695,361.61908221141846,374.76039872825515,358.79120397361817,377.58827696605545,353.63448483409996,-0.43996468600822,-45.88783110193035,2.22384961375991,0.3019041423792228,1.9219454713806872,48.82336144356223,17.30518881995451,373.39970703125,360.30496673583986,370.9055224609375,394.71309783935544,IGARASHI.BO,2023-11-23 11:08:12.118393
136,2023-04-18 00:00:00+05:30,372.3816913558182,376.2741767476498,365.29535461442924,367.94024658203125,1002,0.0,0.0,2023-04-18,359.4591003417969,15.918688260639986,375.3777886024369,343.5404120811569,391.29647686307686,327.62172382051693,-23.676608883065246,24.59989637502149,198283,774.7217005942525,915.2484533908809,404.6441341240705,28.053209442879435,369.83659264803674,374.37783068164424,363.3990085484237,380.8154147812573,358.8577705148162,385.3566528148648,352.42018641520315,-0.4613721711500828,-40.50731559773922,2.8070047549194896,-0.17858222546594904,2.9855869803854387,50.750059798145,17.731563383310004,377.97089233398435,359.4591003417969,371.97346252441406,395.31892944335937,IGARASHI.BO,2023-11-23 11:08:12.118393
137,2023-04-17 00:00:00+05:30,378.0706886607551,381.9132823930965,368.3394602203333,372.68109130859375,2347,0.0,0.0,2023-04-17,358.93760681152344,15.796596332105665,374.7342031436291,343.1410104794178,390.53079947573474,327.34441414731214,21.346727062564796,39.2123139413032,199285,1838.0238931076144,950.3801415900379,404.6623071398108,34.37934023569443,374.31127797400785,380.2830957276824,366.7092735549192,387.88510014677104,360.73745580124466,393.8569179004456,353.135451382156,-0.45770578300881115,-33.20525456282043,3.167053918703971,-0.9249789705623087,4.09203288926628,53.40809912347314,18.0397234267985,380.336328125,358.93760681152344,373.1262384033203,395.8943194580078,IGARASHI.BO,2023-11-23 11:08:12.118393
138,2023-04-13 00:00:00+05:30,394.2395191600618,394.2395191600618,376.3739875481174,381.8134765625,342,0.0,0.0,2023-04-13,358.1466323852539,15.464782186861893,373.6114145721158,342.681850198392,389.0761967589777,327.2170680115301,73.99949969816946,72.73949126643382,201632,274.3961817405513,728.4692037106437,404.6994400712854,38.97684527084887,384.14232775689305,391.9106679656687,374.04513635372433,402.00785936883744,366.27679614494866,409.7761995776131,356.17960474177994,-0.4683806622027339,-19.13914643977123,3.1131389141347654,-1.9479871928788786,5.061126107013644,58.92832281693905,18.03689283283932,379.8672302246094,358.1466323852539,373.6791717529297,396.37888488769534,IGARASHI.BO,2023-11-23 11:08:12.118393
139,2023-04-12 00:00:00+05:30,385.40654404532614,389.2491377792707,379.01887197866165,380.11676025390625,949,0.0,0.0,2023-04-12,357.0512466430664,14.442276934262557,371.493523577329,342.60896970880384,385.93580051159154,328.1666927745413,82.55559128381162,63.05423684388461,201290,758.0257102514846,841.9874592031667,404.7033128257952,41.691513417890235,382.7949233372795,386.57097469589735,376.3407088952883,393.02518913788856,372.56465753667044,396.8012404965064,366.1104430946792,-0.4724150006665198,-18.755001427916927,2.0975410209434813,-3.2132687196322895,5.31080974057577,58.18098525151475,17.094053061020425,378.14055786132815,357.0512466430664,374.08239379882815,396.9537759399414,IGARASHI.BO,2023-11-23 11:08:12.118393
140,2023-04-11 00:00:00+05:30,382.7117675699352,391.8441452616771,382.3125133107012,387.3028869628906,261,0.0,0.0,2023-04-11,356.98138122558595,14.327749071116099,371.30913029670205,342.65363215446985,385.63687936781815,328.32588308335374,125.92891187308742,76.02658158318751,202239,212.41830842990322,862.9778964410871,404.71486310510943,32.71559314933408,387.15318184508965,391.9938503794781,382.4622184285022,396.68481379606555,377.62154989411374,401.525482330454,372.9305864775263,-0.44337186243484644,-7.2625999591420864,0.9325878847351987,-4.540971154776232,5.47355903951143,62.65864023256013,16.418978183599055,373.8588134765625,356.98138122558595,374.60438659667966,397.63645904541016,IGARASHI.BO,2023-11-23 11:08:12.118393
141,2023-04-10 00:00:00+05:30,374.67723844603006,390.24720994746326,374.1782010931561,379.7674255371094,509,0.0,0.0,2023-04-10,356.3476043701172,13.147656409218502,369.4952607793357,343.1999479608987,382.64291718855424,330.0522915516802,143.78080621575484,50.88912987049458,201978,406.19651901774176,1025.6177934438829,404.7171130574684,31.041546195034655,381.3976121925762,388.61702329199636,372.5480144376892,397.4666210468834,365.32860333826903,404.68603214630355,356.479005583382,-0.4291334337698958,-17.199023405170692,-1.2807598653062655,-5.909360914654089,4.628601049347823,59.633478079307395,15.30015322060436,365.8642333984375,356.3476043701172,375.00561279296875,398.0970706176758,IGARASHI.BO,2023-11-23 11:08:12.118393
142,2023-04-06 00:00:00+05:30,373.8787852339758,377.2722330906457,369.3375271159246,370.3356018066406,659,0.0,0.0,2023-04-06,355.4742889404297,12.04390914794188,367.51819808837155,343.4303797924878,379.56210723631347,331.3864706445459,146.32088183983734,14.215476190177364,201469,512.8396363480588,1180.473112050418,404.7234019923975,27.59434224573728,372.31512067107036,375.2927142262161,367.358008251495,380.2498266457915,364.38041469634925,383.2274202009372,359.4233022767739,-0.4367856211707643,-21.037488991998103,-3.3529814675126204,-7.066511176991044,3.713529709478424,55.44122559854636,14.193814444417326,358.14911499023435,355.4742889404297,375.57651184082033,398.42194396972656,IGARASHI.BO,2023-11-23 11:08:12.118393
143,2023-04-05 00:00:00+05:30,359.40669641996095,381.26452570222466,359.40669641996095,373.18011474609375,1030,0.0,0.0,2023-04-05,355.15241088867185,11.707145970940841,366.85955685961267,343.44526491773104,378.56670283055354,331.73811894679017,205.53802098263472,7.1689701732105,202128,807.711791593811,1347.3814809760077,404.73462801134986,25.63044594317627,371.2837789560931,383.16086149222525,361.30303220996154,393.1416082383568,349.4259496738294,405.01869077448896,339.44520292769784,-0.4258295391553334,-15.561981044182588,-5.0263585837381015,-7.99489360436065,2.9685350206225483,57.099594272666614,13.882977893048679,350.6835205078125,355.15241088867185,376.26318786621096,398.88455169677735,IGARASHI.BO,2023-11-23 11:08:12.118393
144,2023-04-03 00:00:00+05:30,354.1168886536156,369.2377446094073,349.7253660991472,358.7080383300781,805,0.0,0.0,2023-04-03,354.50865325927737,10.99605256784066,365.504705827118,343.5126006914367,376.50075839495867,332.51654812359607,143.6591037811353,-35.7218552094313,201098,606.7889924406658,1482.298903321557,404.75073655663766,22.651394272487636,359.2237163462109,368.7220665932746,349.2096880830145,378.73609485647097,339.7113378359508,388.23444510353465,329.6973095727544,-0.45140668478040596,-26.375055178874046,-7.372772854098059,-8.737027359516286,1.3642545054182271,50.02756058030741,13.5482308377286,344.04632568359375,354.50865325927737,376.8839904785156,399.3581384277344,IGARASHI.BO,2023-11-23 11:08:12.118393
145,2023-03-31 00:00:00+05:30,346.9307627944067,351.1725801591542,344.5353896684313,347.3299865722656,346,0.0,0.0,2023-03-31,354.4013610839844,10.963341392275598,365.36470247626,343.4380196917088,376.3280438685356,332.4746782994332,-12.069089842101393,-73.58523723862069,200293,252.5335493778192,1701.1763810417797,404.7691141047949,20.081116115624226,347.6793187999504,350.8232479314695,344.1860574407466,354.3165092906733,341.0421283092275,357.4604384221924,337.5488669500237,-0.46880861300948834,-65.25510967013058,-8.839905222086145,-9.078090985870842,0.23818576378469736,43.18828920053038,14.128539873110556,342.968408203125,354.4013610839844,377.7982275390625,400.09571563720704,IGARASHI.BO,2023-11-23 11:08:12.118393
146,2023-03-29 00:00:00+05:30,334.1054972169058,357.4604385034106,334.1054972169058,341.19183349609375,1152,0.0,0.0,2023-03-29,355.17237548828126,10.98207388941825,366.1544493776995,344.190301598863,377.13652326711775,333.20822770944477,-74.70150580138308,-85.67439760639706,199947,825.9462985761812,2063.3370889577695,404.7789698477524,21.45570232614729,344.2525897388034,354.399682260701,331.0447409741962,367.6075310253082,320.8976484522986,377.7546235472058,307.6897996876914,-0.465447693611014,-77.58948654993709,-9.4637755773457,-9.137637426817015,-0.3261381505286849,39.0060644405963,13.771010982338261,344.5054504394531,355.17237548828126,379.0488153076172,400.620703125,IGARASHI.BO,2023-11-23 11:08:12.118393
147,2023-03-28 00:00:00+05:30,341.2916679741451,354.3165310883713,329.31477114862275,333.00762939453125,2137,0.0,0.0,2023-03-28,355.9259231567383,10.477770333683948,366.40369349042226,345.44815282305433,376.88146382410616,334.9703824893704,-189.0690864971596,-103.3019682121442,198795,1495.407003288891,2372.6847865531663,404.81531741600656,20.83922683229035,338.8796438771751,348.4445166057275,323.44275666597895,363.88140381692364,313.8778839374266,373.446276545476,298.4409967262304,-0.43600546229138426,-93.03204387011321,-9.514613068966469,-9.056102889184842,-0.45851017978162645,32.89487974557433,13.385979869198867,346.86090698242185,355.9259231567383,380.3063897705078,401.19259979248045,IGARASHI.BO,2023-11-23 11:08:12.118393
148,2023-03-27 00:00:00+05:30,350.2743283151848,356.162962956222,339.4951032747626,339.994140625,10886,0.0,0.0,2023-03-27,356.2802398681641,9.756999374831626,366.0372392429957,346.5232404933324,375.7942386178273,336.76624111850083,-139.00777164022287,-89.79929256131388,200932,7777.508009836275,2592.004232369235,404.8915410831255,21.740652954901535,345.2174022853282,350.9397012958938,334.27184161443444,361.8852619667876,328.5495426038688,367.6075609773532,317.60398193297505,-0.42819022468163587,-98.83449852099822,-8.629519558554819,-8.941475344239434,0.31195578568461535,35.73595923991408,12.59499193784187,350.0248046875,356.2802398681641,381.73563293457033,401.88077239990236,IGARASHI.BO,2023-11-23 11:08:12.118393
149,2023-03-24 00:00:00+05:30,353.6178611602455,360.70419776496755,349.8750809597399,353.3184509277344,1455,0.0,0.0,2023-03-24,356.79175262451173,9.104611360856055,365.89636398536777,347.6871412636557,375.00097534622387,338.5825299027996,4.1074056522968245,-66.96090130383,211818,1080.264278809483,1295.628288002475,405.2443704687081,37.52488914315975,354.6325765508139,359.3900721418879,348.56095533666024,365.46169335604156,343.8034597455862,370.2191889471156,337.7318385314326,-0.22424328655436726,-70.94015968184658,-8.053646858701825,-9.019464290660586,0.9658174319587616,42.1825530982518,12.573163614081134,351.2624206542969,356.79175262451173,382.9742443847656,402.58341705322266,IGARASHI.BO,2023-11-23 11:08:12.118393
150,2023-03-23 00:00:00+05:30,351.1226818947907,358.2090186515813,346.0325250799299,355.01519775390625,1763,0.0,0.0,2023-03-23,356.86910247802734,9.080088619590375,365.9491910976177,347.789013858437,375.0292797172081,338.7089252388466,-33.7391783446237,-74.24023135278252,213273,1315.2247166195677,1349.469290300723,405.2821304705334,31.598587758858926,353.08558049513914,360.1386359103484,347.962142338697,365.26207406679055,340.90908692348773,372.3151294819998,335.7856487670456,-0.22306005279581156,-66.78870414003904,-8.506573024936586,-9.260918648650275,0.7543456237136894,43.104069682066765,13.495498920774644,350.99293823242186,356.86910247802734,383.9633361816406,403.20821197509764,IGARASHI.BO,2023-11-23 11:08:12.118393
151,2023-03-22 00:00:00+05:30,350.4739294280823,353.56796713058736,349.07663092144793,352.9691162109375,273,0.0,0.0,2023-03-22,356.6420394897461,9.185062792566864,365.8271022823129,347.45697669717924,375.0121650748798,338.27191390461235,-54.35567425750814,-81.04598746458348,211510,202.4883581846054,1358.0304337210118,405.32646094208764,28.314586493711545,351.87123808765756,354.6658452538672,350.17450904472776,356.362574296797,347.3799018785181,359.1571814630066,345.6831728355883,-0.2422417290571847,-71.79488209748482,-9.124672152088351,-9.449505054578697,0.32483290249034624,41.67738655074327,14.30526247875408,349.4958251953125,356.6420394897461,384.8506237792969,403.78160552978517,IGARASHI.BO,2023-11-23 11:08:12.118393
152,2023-03-21 00:00:00+05:30,355.9134545903173,356.0132681550205,346.3319310964603,348.8271179199219,1430,0.0,0.0,2023-03-21,357.30076904296874,9.378180230770514,366.67894927373925,347.9225888121982,376.05712950450976,338.5444085814277,-77.55551641452864,-89.19625828298354,211237,1048.2068215745041,1646.9159526051135,405.33361194946434,28.735272888791613,350.3907723904676,354.44961368447485,344.76827662591467,360.0721094490278,340.7094353319074,364.13095074303504,335.0869395673545,-0.17983677571733409,-81.92917054533149,-9.576265698496627,-9.530713280201285,-0.04555241829534218,38.79957356337123,14.656500397987436,350.4040771484375,357.30076904296874,385.93353454589845,404.32954833984377,IGARASHI.BO,2023-11-23 11:08:12.118393
153,2023-03-20 00:00:00+05:30,349.4758548299076,352.0708551766953,341.4413655699998,346.1822204589844,7627,0.0,0.0,2023-03-20,359.0648666381836,10.895910496216034,369.9607771343997,348.16895614196756,380.8566876306157,337.27304564575155,-130.29625931665743,-104.94933566573549,209807,5548.29073128369,1796.5932353627659,405.3740669471499,29.195896450687073,346.56481373522655,351.6882619004533,341.0587722937578,357.1943033419221,335.935324128531,362.31775150714884,330.42928268706225,-0.18511529566945958,-88.40048026128636,-9.601423275487548,-9.519325175627449,-0.08209809986009908,36.95762691492491,15.034756618700278,352.01097412109374,359.0648666381836,387.0543719482422,404.9059362792969,IGARASHI.BO,2023-11-23 11:08:12.118393
154,2023-03-17 00:00:00+05:30,352.3203710570644,355.31459517369666,346.3319228237998,351.9710388183594,987,0.0,0.0,2023-03-17,361.7372116088867,13.750337719037786,375.48754932792446,347.98687388984894,389.23788704696227,334.2365361708111,-130.2773498510579,-98.27481154070864,217434,730.0032390640779,858.6688613825348,405.60095672941776,43.01890059455272,351.2058522719519,356.07978172010405,347.0971093702072,360.1885246218488,342.22317992205507,365.0624540700009,338.11443702031033,-0.22519833010370738,-69.48570740156131,-9.227674161611048,-9.498800650662423,0.27112648905137426,39.37079004822304,15.014985838396358,354.75568237304685,361.7372116088867,388.22710998535155,405.5267385864258,IGARASHI.BO,2023-11-23 11:08:12.118393
155,2023-03-16 00:00:00+05:30,355.31460326536325,361.4527567524805,346.3319307109018,347.5296325683594,2400,0.0,0.0,2023-03-16,364.43450927734375,16.70696442728844,381.1414737046322,347.7275448500553,397.8484381319206,331.0205804227669,-170.5100423619665,-102.99410901751438,216447,1752.6846671816595,890.835266962149,405.6275725015437,38.00187963566411,351.7714400105806,357.21094931025937,342.09012326868066,366.8922660521593,336.6506139690019,372.3317753518381,326.96929722710195,-0.24628000101348987,-79.65707949954349,-9.179459692698288,-9.566582272925267,0.3871225802269791,36.41440449864324,15.396976331534207,360.10536499023436,364.43450927734375,389.28407165527346,406.0731845092773,IGARASHI.BO,2023-11-23 11:08:12.118393
156,2023-03-15 00:00:00+05:30,360.3548645542559,364.44697698759353,353.6677822225891,357.5103759765625,469,0.0,0.0,2023-03-15,367.4237426757812,18.746960262859368,386.1707029386406,348.67678241292185,404.9176632015,329.9298221500625,-108.11102596752364,-89.67769125119564,218847,352.3402011914808,675.3729169072714,405.69776830859485,47.55115465485993,358.54171172891506,363.415641235241,352.6364464702366,369.3209064939195,347.7625169639106,374.19483600024546,341.85725170523216,-0.18259952310075636,-56.799937120524056,-8.541236617837399,-9.663362917982012,1.122126300144613,40.54041405562342,15.808351350062644,365.5249084472656,367.4237426757812,390.6923547363281,406.5836996459961,IGARASHI.BO,2023-11-23 11:08:12.118393
157,2023-03-14 00:00:00+05:30,367.74064156261625,368.88842139509086,355.11497202892605,356.8616027832031,540,0.0,0.0,2023-03-14,369.7941696166992,20.35572656802724,390.14989618472646,349.43844304867196,410.5056227527537,329.0827164806447,-65.88674301909842,-90.29374703251531,218378,404.94336367335956,756.1310958362191,405.7091484593996,30.85718042037658,360.2883320690733,365.46169210922056,351.68824274305575,374.0617814352381,346.5148827029085,379.2351414753854,337.91479337689094,-0.16522851133902497,-57.36785055912847,-8.577657007378832,-9.943894493018163,1.3662374856393313,40.13015014210527,16.85343991905935,366.483056640625,369.7941696166992,391.8241711425781,407.15260223388674,IGARASHI.BO,2023-11-23 11:08:12.118393
158,2023-03-13 00:00:00+05:30,380.86533151399874,381.16474175611546,354.96527951205456,359.90576171875,781,0.0,0.0,2023-03-13,372.5114288330078,22.091722822256813,394.60315165526464,350.419706010751,416.69487447752147,328.32798318849416,28.72942801758447,-80.39045530234014,218918,590.6640483446454,843.9280288769339,405.72243452415404,22.78467545553977,365.34526099564,375.7252424792254,349.5257802351645,391.5447232397009,339.1457987515791,401.9247047232863,323.3263179911036,-0.17588595939593815,-55.01019267297105,-8.430427312712652,-10.285453864427994,1.8550265517153424,41.3698040249127,18.100748649643258,367.8903442382813,372.5114288330078,392.7493865966797,407.7564373779297,IGARASHI.BO,2023-11-23 11:08:12.118393
159,2023-03-10 00:00:00+05:30,372.5812682164255,382.31249640795926,369.68685771788756,378.7194519042969,840,0.0,0.0,2023-03-10,374.53003387451173,22.714957742329936,397.2449916168417,351.8150761321818,419.9599493591716,329.10011838985184,143.40454447009972,-47.864425427910405,219699,668.4941369278438,907.244024010006,405.74046492220793,22.51762597401506,376.90626867671455,384.12567963554153,371.50004094546983,389.53190736678624,364.28062998664285,396.7513183256132,358.87440225539814,-0.1803427136300251,-34.271938918279794,-8.413998472849869,-10.74921050235683,2.3352120295069607,50.296680174167825,19.444004205656693,367.9701843261719,374.53003387451173,393.6965588378906,408.33082916259764,IGARASHI.BO,2023-11-23 11:08:12.118393
160,2023-03-09 00:00:00+05:30,362.35101260054887,380.56587612433185,362.35101260054887,374.6273498535156,826,0.0,0.0,2023-03-09,375.6204299926758,23.43855125044542,399.0589812431212,352.18187874223037,422.4975324935666,328.74332749178495,134.00475201492364,-65.34404735315626,218859,650.2498068771605,966.9314957805465,405.75190675259375,19.04235401367866,372.5147461927988,382.6784797850487,364.4636162612657,390.72960971658176,354.2998826690158,400.8933433088317,346.24875273748273,-0.1944497314037243,-51.13031991040061,-10.11834318140734,-11.333013509733568,1.2146703283262283,48.03257240709852,19.723087766272958,363.5387329101562,375.6204299926758,394.1606640625,408.6192727661133,IGARASHI.BO,2023-11-23 11:08:12.118393
161,2023-03-08 00:00:00+05:30,362.3011169433594,365.6945648394941,361.80207959219774,362.3011169433594,701,0.0,0.0,2023-03-08,376.9778106689453,24.153208103531842,401.13101877247715,352.8246025654135,425.28422687600903,328.6713944618816,67.03709005065076,-101.46245562854205,218033,533.6891767586679,1046.101918006393,405.76487193671323,20.537859359649715,363.2659204583504,364.7297613245031,360.83727607720675,367.15840570564677,359.3734352110541,368.62224657179945,356.9447908299104,-0.18933161414963587,-67.55320920219171,-11.744102595977495,-11.636681091815126,-0.10742150416236917,40.43734401861469,20.143977811061298,361.16331787109374,376.9778106689453,394.66668823242185,409.0424563598633,IGARASHI.BO,2023-11-23 11:08:12.118393
162,2023-03-06 00:00:00+05:30,360.304965769004,370.2857127432147,360.304965769004,363.8980407714844,1330,0.0,0.0,2023-03-06,378.9465133666992,24.496197588396583,403.4427109550958,354.45031577830264,427.9389085434924,329.954118189906,82.17477033759079,-104.6326812016873,218734,1017.0260166572368,1174.205103318324,405.78024265930367,23.841174920171852,364.8295730945677,369.3541804201314,359.37343344592074,374.81032006877837,354.84882612035705,379.33492739434206,349.3926864717101,-0.16314443522272845,-65.4255434808089,-12.43367917202562,-11.609825715774534,-0.8238534562510864,41.162248748608654,21.653786002162487,359.9556518554688,378.9465133666992,395.32641540527345,409.5434899902344,IGARASHI.BO,2023-11-23 11:08:12.118393
163,2023-03-03 00:00:00+05:30,359.30688747078426,367.29148497013506,359.2070739102779,360.3049621582031,842,0.0,0.0,2023-03-03,380.760514831543,24.66589449736035,405.42640932890333,356.09462033418265,430.0923038262637,331.4287258368223,19.893964451893076,-123.78703853671138,217404,637.5041838044611,1213.4998749835959,405.80836307032723,18.914677884447286,362.26784034620533,365.32860678213274,357.2441957222756,370.35225140606246,354.1834292863482,373.41301784198987,349.1597846624185,-0.17833067776928027,-70.21279135392021,-13.285429874856789,-11.403862351711762,-1.8815675231450264,38.87940784015792,23.27973328488684,355.19483642578126,380.760514831543,395.8005010986328,410.12187408447267,IGARASHI.BO,2023-11-23 11:08:12.118393
164,2023-03-02 00:00:00+05:30,379.2683947745364,379.2683947745364,355.4144149844289,356.56219482421875,783,0.0,0.0,2023-03-02,383.1134765625,24.855708182160697,407.9691847446607,358.2577683803393,432.8248929268214,333.4020601981786,-0.6396107580153112,-130.90430845940443,216562,586.6752417097616,1357.4987977783794,405.82771307647255,35.008390283379825,363.7483348610613,372.08225473769375,348.22827494758627,387.6023146511688,339.89435507095385,395.9362345278012,324.3742951574788,-0.17681372722639827,-81.39651902776669,-13.820770685887851,-10.933470470925505,-2.8873002149623463,36.49591578649328,24.792445682977434,353.17872314453126,383.1134765625,396.5051416015625,410.78759002685547,IGARASHI.BO,2023-11-23 11:08:12.118393
165,2023-03-01 00:00:00+05:30,360.4546844921626,368.8385061752974,354.5660496467955,362.7502746582031,380,0.0,0.0,2023-03-01,386.0478149414063,25.019813631848926,411.0676285732552,361.02800130955734,436.08744220510414,336.0081876777084,-21.598686125534627,-153.12804697878852,217345,289.66235086447057,1550.2046867955337,405.8472026237286,35.81026298898854,362.0516101600986,369.53717067340176,355.2647141448998,376.32406668860057,347.77915363159667,383.8096272019037,340.99225761639786,-0.1569332143563722,-75.21196360976404,-13.928157658241446,-10.211645417184918,-3.7165122410565274,38.8226438408044,26.421520573228843,352.83937377929686,386.0478149414063,397.4054052734375,411.50420745849607,IGARASHI.BO,2023-11-23 11:08:12.118393
166,2023-02-28 00:00:00+05:30,343.43752049987415,363.39901508912783,342.6390424410099,356.2627868652344,1545,0.0,0.0,2023-02-28,388.80249938964846,25.35047427027162,414.15297365992006,363.45202511937686,439.50344793019167,338.10155084910525,-53.563309357355116,-211.14071741005594,216965,1156.6438396090925,1865.3402707782993,405.85547842840145,34.395088628154866,354.10028146512406,365.5615204892382,344.8015478411203,374.860254113242,333.34030881700613,386.32149313735613,324.04157519300236,-0.16929747453162536,-81.69575645918452,-14.464044937431368,-9.282517356920785,-5.181527580510583,34.77417992169319,27.36282824080613,350.3841064453125,388.80249938964846,398.4653601074219,412.29268646240234,IGARASHI.BO,2023-11-23 11:08:12.118393
167,2023-02-27 00:00:00+05:30,346.6812629207165,348.6774123770513,338.6467430836747,340.0939636230469,1037,0.0,0.0,2023-02-27,392.26831207275393,25.405892711213284,417.6742047839672,366.8624193615407,443.0800974951805,341.45652665032736,-96.2608283891446,-312.38297399672894,215420,741.1026812619602,2042.514378570601,405.89422789155043,34.108932017847394,342.4727063612577,346.29866963884064,336.26800034546403,352.5033756546343,332.4420370678811,356.32933893221724,326.2373310520874,-0.1783454840241039,-97.85537076086554,-14.292071596519577,-7.987135461793138,-6.3049361347264385,22.982694168848454,27.920068363237924,352.36029052734375,392.26831207275393,399.57322265625,413.06569519042966,IGARASHI.BO,2023-11-23 11:08:12.118393
168,2023-02-24 00:00:00+05:30,355.4642877715585,356.81169466836417,346.830947964354,350.2243957519531,2803,0.0,0.0,2023-02-24,395.2800018310547,22.272374729620818,417.5523765606755,373.00762710143385,439.8247512902963,350.73525237181303,-96.8453858092773,-335.076495481225,216457,2062.8621002889486,2367.867302897761,405.92875448598096,34.125052625895876,351.2890127948904,355.74707762542687,345.7663309214167,361.2697594989006,341.30826609088024,365.72782432943706,335.7855842174065,-0.16772938226458337,-87.73070841157669,-12.26296296049253,-6.4109014281115275,-5.852061532381002,25.683670748242434,27.132084670080708,361.16331176757814,395.2800018310547,400.9146350097656,413.9005844116211,IGARASHI.BO,2023-11-23 11:08:12.118393
169,2023-02-23 00:00:00+05:30,358.1091907785,362.25122515752145,352.3203696922973,354.8654479980469,647,0.0,0.0,2023-02-23,397.8675109863281,19.609370069152735,417.4768810554809,378.25814091717535,437.0862511246336,358.64877084802265,-113.48853001238876,-379.0845111179261,219260,482.468207805946,2444.118603549964,406.0078726182353,35.0654779545533,356.47901428262185,360.6376588729464,350.70680340772225,366.409869747846,346.5481588173977,370.5685143381706,340.7759479424981,-0.16007227515934583,-83.09229947312392,-10.476980629176069,-4.947886045016276,-5.529094584159793,27.03502924278989,26.683379263044714,371.04425659179685,397.8675109863281,402.41074951171873,414.5433447265625,IGARASHI.BO,2023-11-23 11:08:12.118393
170,2023-02-22 00:00:00+05:30,364.79631656345384,367.4412085261163,337.9481122159384,350.47393798828125,7944,0.0,0.0,2023-02-22,400.43505859375,16.850270980647174,417.28532957439717,383.58478761310283,434.13560055504433,366.73451663245567,-180.90575396740053,-523.6675379928045,218613,5850.5361664600205,2934.5312024859686,406.0246448845006,32.89078339246393,351.95441957677866,365.9607269376189,336.467630627441,381.4475158869566,322.46132326660074,395.45382324779683,306.9745343172631,-0.15128719114973035,-87.48130830183216,-8.488713234845704,-3.5656123989763264,-4.923100835869378,23.498772896811246,26.485078305587177,381.2545654296875,400.43505859375,403.89887939453126,415.2804229736328,IGARASHI.BO,2023-11-23 11:08:12.118393
171,2023-02-21 00:00:00+05:30,385.1570179964496,386.75394359726084,339.6448058968526,366.1437072753906,7816,0.0,0.0,2023-02-21,403.2795715332031,12.106490901170499,415.3860624343736,391.1730806320326,427.49255333554413,379.0665897308621,-256.75354267148185,-529.6178489412047,226557,6013.631743892499,2205.529961492455,406.24923325675456,40.6639126451515,364.18081892316803,388.7168319494835,341.6076942490752,411.2899566235763,317.07168122275976,435.82596964989176,294.49855654866695,-0.17086635199269623,-73.05935110349506,-5.382014399705724,-2.3348371900089813,-3.047177209696743,27.99600352143284,26.271523428325214,392.6226379394531,403.2795715332031,405.5137640380859,416.049938659668,IGARASHI.BO,2023-11-23 11:08:12.118393
172,2023-02-20 00:00:00+05:30,399.5293062836689,399.9784521002492,382.41233058249725,384.10906982421875,1043,0.0,0.0,2023-02-20,405.388005065918,8.404642212475041,413.792647278393,396.98336285344294,422.19728949086806,388.5787206409679,-216.44872731285164,-257.8761793063199,234373,841.8594185011355,1253.5045158924438,406.4094021561098,51.70940086250149,388.8332841689884,395.2542377554796,377.6881162377276,406.3994056867404,371.26716265123645,412.8203592732316,360.12199471997565,-0.27109259508795647,-96.94791378107406,-2.866187648147843,-1.5730428875847955,-1.2931447605630475,35.16182077883029,26.122867508537507,400.3776794433594,405.388005065918,406.69548400878904,416.66425354003906,IGARASHI.BO,2023-11-23 11:08:12.118393
173,2023-02-17 00:00:00+05:30,403.1723034759513,413.003315299585,398.2318213285711,399.6291198730469,1303,0.0,0.0,2023-02-17,406.4160217285156,6.761770020148852,413.17779174866445,399.65425170836676,419.9395617688133,392.8924816882179,-16.417526715576386,-39.57977836851627,235416,1094.2139487467434,1356.415790240271,406.4212931068452,55.843860611489646,403.62141883373425,409.01101633889743,394.2395223678835,418.39291280474816,388.84992486272034,423.78251030991134,379.4680283968696,-0.24906813954701187,-88.91422489292647,-1.3710559574295758,-1.2497566974440335,-0.12129925998554225,44.243814790933484,27.330433980710595,405.79722290039064,406.4160217285156,407.74945068359375,416.90079681396486,IGARASHI.BO,2023-11-23 11:08:12.118393
174,2023-02-16 00:00:00+05:30,409.959182534131,411.20677590763717,403.87092077965633,405.9169921875,1240,0.0,0.0,2023-02-16,406.6455780029297,6.595112295834846,413.24069029876455,400.0504657070949,419.8358025945994,393.45535341126003,36.04166557246094,10.542736954540425,236719,1057.6929788705716,1421.9662506136528,406.4258206594307,58.9530525637353,406.9982296249312,410.12553847020604,402.7896833422252,414.334084752912,399.66237449695035,417.4613935981869,395.45382821424437,-0.22325099488721362,-74.51422052791665,-0.9645505255243734,-1.219431882447648,0.2548813569232746,49.00754366663189,26.705316282219467,405.9269714355469,406.6455780029297,408.5389276123047,417.0185696411133,IGARASHI.BO,2023-11-23 11:08:12.118393
175,2023-02-15 00:00:00+05:30,403.0225609530308,409.2106364189937,401.2759301878278,407.3143005371094,943,0.0,0.0,2023-02-15,406.57072296142576,6.612290772364125,413.1830137337899,399.9584321890616,419.795304506154,393.3461414166975,2.5678823087451352,-4.10738841116727,237959,807.127334163497,1513.034568549423,406.42614364194225,53.86112570492748,405.9336223813103,410.59131457479276,402.65660834362683,413.8683286124762,397.99891615014434,418.5260208059587,394.7219021124609,-0.23620271130517112,-71.31421179246738,-1.0487461395005084,-1.2831522216784665,0.2344060821779581,50.12292555716914,25.18682618067399,404.8490478515625,406.57072296142576,409.31742614746094,417.21668731689454,IGARASHI.BO,2023-11-23 11:08:12.118393
176,2023-02-14 00:00:00+05:30,410.20869847986813,410.857440938011,397.2337274817214,404.9189147949219,1807,0.0,0.0,2023-02-14,406.69797668457034,6.651726528251374,413.34970321282174,400.04625015631893,420.0014297410731,393.3945236280676,-30.343534372674473,-28.747289635881952,237016,1537.5417640403791,1689.5113771459044,406.42571470149886,49.500716855815135,404.3366944048848,411.43966132804815,397.81594787175857,417.96040786117436,390.7129809485952,425.0633747843377,384.192234415469,-0.26067334057709013,-76.79994105323756,-1.2782656472876397,-1.3417537422229562,0.06348809493531649,48.24798976347248,23.664386832481235,403.7411804199219,406.69797668457034,410.1198779296875,417.41131195068357,IGARASHI.BO,2023-11-23 11:08:12.118393
177,2023-02-13 00:00:00+05:30,397.83259187282505,438.0050995940686,396.3354797838346,411.206787109375,6187,0.0,0.0,2023-02-13,406.65555877685546,6.666357561542832,413.3219163383983,399.9892012153126,419.98827389994113,393.3228436537698,58.67653571650825,118.52306967231293,238823,5346.149444692476,1727.5037804222854,406.42711046376667,49.96463862961258,415.18245549575937,434.0294312076841,392.35981139745013,456.85207530599337,373.5128356855254,475.6990510179181,350.69019158721613,-0.29762248165787447,-62.399936688227754,-1.3168433054164552,-1.3576257659567852,0.04078246054032997,53.106311685811015,22.024836765196728,403.092431640625,406.65555877685546,411.09699279785156,417.72820068359374,IGARASHI.BO,2023-11-23 11:08:12.118393
178,2023-02-10 00:00:00+05:30,399.2298962546891,405.21834469850944,399.2298962546891,400.2778625488281,1123,0.0,0.0,2023-02-10,406.3187088012695,6.594099027960702,412.9128078292302,399.7246097733088,419.5069068571909,393.1305107453481,-56.425500095726214,-68.36089841959598,232636,944.5871490297809,822.8423643547376,406.411903029611,28.222819455483503,401.5753678340089,403.9208394133287,397.93239096950833,407.56381627782923,395.58691939018854,409.909287857149,391.943942525688,-0.3011794134576225,-87.42852402372384,-1.965542378907685,-1.3678213810918676,-0.5977209978158173,44.00907383036711,20.259167461967255,400.8866882324219,406.3187088012695,411.8794836425781,418.00267120361326,IGARASHI.BO,2023-11-23 11:08:12.118393
179,2023-02-09 00:00:00+05:30,401.0264116292167,405.2183376505099,397.8325907900239,400.5273742675781,727,0.0,0.0,2023-02-09,406.4010513305664,6.5246111658674915,412.9256624964339,399.8764401646989,419.4502736623014,393.3518289988314,-63.95001456345148,-75.16441113488756,233759,611.8814946572658,792.4061681859766,406.41544752639317,21.310185254584567,401.1927675693707,404.55294434871746,397.16719748823147,408.5785144298567,393.8070207088847,411.93869120920345,389.78145062774547,-0.3103459010637069,-86.85711136464957,-1.6899593438704983,-1.2183911316379132,-0.47156821223258505,44.19115526895226,20.741251544426344,402.303955078125,406.4010513305664,412.9574041748047,418.29410888671873,IGARASHI.BO,2023-11-23 11:08:12.118393
180,2023-02-08 00:00:00+05:30,402.5734414242906,403.2221838957246,398.7807392410667,401.77496337890625,1216,0.0,0.0,2023-02-08,406.5133346557617,6.43694392150617,412.95027857726785,400.07639073425554,419.387222498774,393.6394468127494,-72.34527272185046,-75.53251914622763,234486,1026.6375612410698,837.5373365681542,406.4176509515254,22.263305025713876,401.2592955052325,403.7378517693983,399.2964071147404,405.70074015989036,396.81785085057464,408.17929642405613,394.85496246008256,-0.29267941944496334,-83.9999781802544,-1.336097228224446,-1.1004990785797668,-0.2355981496446793,45.05665657957058,21.260419761578106,405.24827270507814,406.5133346557617,414.1131750488281,418.57905944824216,IGARASHI.BO,2023-11-23 11:08:12.118393
181,2023-02-07 00:00:00+05:30,403.3219880440431,403.3219880440431,394.7884311751047,401.6751708984375,872,0.0,0.0,2023-02-07,406.39356536865233,6.551022929887854,412.94458829854017,399.8425424387645,419.49561122842806,393.2915195088766,-103.51023735618057,-91.46462539613144,233270,736.0243400829381,790.2622803999252,406.4205587589363,11.994871464798265,399.9285300391951,405.0686289032855,396.5350720343471,408.46208690813353,391.39497317025666,413.60218577222395,388.00151516540865,-0.35378810182109893,-84.22851528827456,-0.9856712164565238,-1.041599541168597,0.05592832471207321,44.97660220229676,22.021079414776665,408.4620727539062,406.39356536865233,415.21105712890625,419.0306881713867,IGARASHI.BO,2023-11-23 11:08:12.118393
182,2023-02-06 00:00:00+05:30,409.1108205125298,412.8536007022495,397.73277482754656,400.1780700683594,1539,0.0,0.0,2023-02-06,406.66553955078126,6.45706243798811,413.12260198876936,400.20847711279316,419.57966442675746,393.75141467480506,-88.95575445549817,-57.307399352691185,232398,1294.1738186993691,803.821765479172,406.42269104715143,14.731817899000731,403.58814853271844,409.4435222378903,394.3226963631874,418.70897440742135,388.4673226580155,424.5643481125932,379.2018704884845,-0.4332103739101868,-90.55486270493326,-0.5122572720036374,-1.0555816223466152,0.5433243503429779,43.83680287065903,22.840251348990495,413.2428466796875,406.66553955078126,416.5654443359375,419.50926483154296,IGARASHI.BO,2023-11-23 11:08:12.118393
183,2023-02-03 00:00:00+05:30,416.1971642690635,419.04168335403403,404.3200810207758,407.36419677734375,979,0.0,0.0,2023-02-03,406.90008544921875,6.29209843968861,413.1921838889074,400.6079870095301,419.48428232859595,394.31588856984155,-1.906785234000093,0.5268796182927447,233937,838.0429028334639,681.2337521741225,406.4276472258964,18.136981109969014,410.24198705071785,416.16389308065993,401.44229074740167,424.9635893839761,395.5203847174596,430.8854954139182,386.7206884141434,-0.4032487310322105,-73.55369894123285,0.24905925790216088,-1.1914127099323595,1.4404719678345204,48.28908771285785,23.37711927568327,413.2727844238281,406.90008544921875,417.8120391845703,419.9134851074219,IGARASHI.BO,2023-11-23 11:08:12.118393
184,2023-02-02 00:00:00+05:30,415.29888441211443,418.89195938624675,408.91121249078054,415.24896240234375,583,0.0,0.0,2023-02-02,406.77283172607423,6.307934396924586,413.0807661229988,400.46489732914966,419.3887005199234,394.15696293222504,56.27595500719598,26.949842518064717,234916,508.71883238502284,642.0314645092872,406.42717414541545,26.01539656287416,414.35071142645705,419.79021036213356,409.80946346666735,424.33145832192326,404.36996453099084,429.7709572575998,399.82871657120114,-0.42014698915001264,-54.89967333639264,0.5122768929133485,-1.5515307018909896,2.063807594804338,53.85566302944174,23.140777714910246,412.1948608398437,406.77283172607423,418.3869305419922,420.4464569091797,IGARASHI.BO,2023-11-23 11:08:12.118393
185,2023-02-01 00:00:00+05:30,425.5790424843625,428.17404277476186,414.2009970898046,417.8439636230469,1280,0.0,0.0,2023-02-01,406.2513397216797,5.993609762743798,412.2449494844235,400.2577299589359,418.2385592471673,394.2641201961921,146.69527114673107,59.33378900792546,235499,1123.8925868918097,675.3596225403533,406.42451967786286,38.33552851845511,420.0730011625378,425.945005235271,411.9719595503138,434.04604684749506,406.0999554775806,439.91805092022827,397.99891386535654,-0.49902297725644224,-48.76033812747986,0.06498350962601762,-2.067482600592074,2.1324661102180915,55.82739980510201,22.274779018361908,410.3883483886719,406.2513397216797,418.52067321777344,420.9899087524414,IGARASHI.BO,2023-11-23 11:08:12.118393
186,2023-01-31 00:00:00+05:30,401.87476670650926,438.4541979003694,397.23372550282613,425.57904052734375,673,0.0,0.0,2023-01-31,406.256330871582,6.003804447877055,412.26013531945904,400.252526423705,418.2639397673361,394.2487219758279,228.41754825480643,50.848631537290615,236779,601.8607192826946,563.2263814524891,406.4169705954112,42.89270932853223,420.42232131017977,443.6109171175334,402.3904447199901,461.64279370772306,379.2018489126365,484.8313895150767,361.1699723224468,-0.15944623102318825,-29.119641413081492,-0.7642404651009542,-2.6005991281465968,1.8363586630456425,62.113583610522234,20.59669563989626,408.2923950195312,406.256330871582,418.6643963623047,421.3696765136719,IGARASHI.BO,2023-11-23 11:08:12.118393
187,2023-01-30 00:00:00+05:30,401.4755385751388,407.8133188619364,399.2298705532766,400.3277587890625,209,0.0,0.0,2023-01-30,405.682438659668,4.391711383709235,410.0741500433772,401.2907272759588,414.46586142708645,396.8990158922495,-142.35538147586115,-62.847029012939,236106,175.81774103416868,553.5677969949377,406.41030793458594,36.70206762446514,402.45698273475847,405.6840949162403,397.10064660758053,411.04043104341827,393.8735344260987,414.2675432249001,388.51719829892073,-0.15371614032003666,-75.64874136053339,-2.576106908695863,-3.0596887939080073,0.4835818852121445,42.500938542455295,18.789528924625564,404.8390625,405.682438659668,418.6624005126953,421.4929388427734,IGARASHI.BO,2023-11-23 11:08:12.118393
188,2023-01-27 00:00:00+05:30,407.36417605760056,413.50232927054907,396.1857578755304,401.9745788574219,787,0.0,0.0,2023-01-27,405.8221694946289,4.254695743208592,410.07686523783747,401.5674737514203,414.3315609810461,397.3127780082117,-116.52655874804381,-55.731296050418976,236315,664.7740004907106,648.0053109851299,406.41096478885964,41.09188303250163,403.8875553345004,411.5893527934704,394.27278139845174,421.2041267295191,386.5709839394817,428.9059241884891,376.95621000343306,-0.171517637775496,-73.99331029104376,-2.369944428032909,-3.180584265211043,0.810639837178134,43.87925769601406,19.264011923569562,405.7073913574219,405.8221694946289,419.07859802246094,421.1391213989258,IGARASHI.BO,2023-11-23 11:08:12.118393
189,2023-01-25 00:00:00+05:30,410.70773626604006,410.70773626604006,401.5254369047527,406.2164001464844,719,0.0,0.0,2023-01-25,406.08665924072267,4.166427122971911,410.2530863636946,401.92023211775074,414.4195134866665,397.7538049947788,-26.5061527400935,-45.899417551482294,237102,613.7437012070639,643.8131386087348,406.41276954200373,43.3045640384739,406.1498577724257,410.7742786400987,401.5919792788114,415.33215713371305,396.9675584111384,419.95657800138605,392.40967991752404,-0.16187294770263003,-59.73153826948125,-2.232272555309862,-3.3832442245055763,1.1509716691957141,47.559586031990754,19.774993614740023,406.1565246582031,406.08665924072267,419.82515808105467,420.7114465332031,IGARASHI.BO,2023-11-23 11:08:12.118393
190,2023-01-24 00:00:00+05:30,410.35842098071834,419.24128002563145,403.8709352067401,407.36419677734375,1608,0.0,0.0,2023-01-24,405.87207489013673,4.268656994921919,410.14073188505864,401.6034178952148,414.40938887998055,397.3347609002929,109.0694653147235,-30.483561971841713,237821,1376.4790477591523,651.3304979591526,406.41284255125385,52.81861559345314,410.1588040032384,416.4466727997367,401.07632798084535,425.52914882212974,394.78845918434706,431.81701761862803,385.705983161954,-0.26304310812332127,-62.320921561366006,-2.4399436549841766,-3.6709871418045044,1.2310434868203277,48.585911120087715,19.52492251933246,405.79722290039064,405.87207489013673,420.6685314941406,420.2967468261719,IGARASHI.BO,2023-11-23 11:08:12.118393
191,2023-01-23 00:00:00+05:30,418.9917592600296,418.9917592600296,405.1185266117622,408.3123779296875,659,0.0,0.0,2023-01-23,405.50029296875,4.451739715906835,409.95203268465684,401.04855325284313,414.40377240056364,396.59681353693634,154.76902945832725,-30.51447473527012,239429,565.4297626054413,470.04336050915265,406.4120508437606,55.075399750764845,410.8075546004931,416.49658258922403,402.62334994095664,424.6807872487605,396.93432195222573,430.3698152374914,388.75011729268925,-0.24259104033538345,-59.598829690181894,-2.781897327227796,-3.978748013509586,1.19685068628179,49.40371194025399,18.885038424754672,406.2962585449219,405.50029296875,421.1885284423828,419.9169793701172,IGARASHI.BO,2023-11-23 11:08:12.118393
192,2023-01-20 00:00:00+05:30,404.81910819080485,407.6636272041234,403.42180968952545,404.6694030761719,124,0.0,0.0,2023-01-20,404.8490478515625,4.944178695455912,409.7932265470184,399.9048691561066,414.7374052424743,394.96069046065065,-13.296387255002845,-53.24702911932746,238770,105.44421510684244,446.19675998508046,406.4114025103912,68.81371357615878,405.2516133232736,407.08141695702176,402.83959944242383,409.49343083787153,401.0097958086757,411.3232344716197,398.5977819278259,-0.16091767325868772,-70.05728713913139,-3.2709331676458646,-4.277960685080033,1.0070275174341683,46.180649353485975,18.001980391100368,405.44789428710936,404.8490478515625,421.26737609863284,419.6759442138672,IGARASHI.BO,2023-11-23 11:08:12.118393
193,2023-01-19 00:00:00+05:30,403.970726691352,409.90928322031266,403.82102158113076,404.2202453613281,203,0.0,0.0,2023-01-19,403.9956939697266,6.271514805856835,410.2672087755834,397.72417916386974,416.53872358144025,391.4526643580129,4.446787095497028,-52.767378011915916,238646,172.43078436409766,531.38489620464,406.41151434653335,72.59301127730453,405.9835167209239,408.146011860717,402.0577502215351,412.0717783601058,399.895255081742,414.2342734998989,395.9694885823532,-0.14627042068993143,-71.34675441174446,-3.4887098161280505,-4.529717564438575,1.0410077483105242,45.78418649499355,18.119385540195836,405.40797119140626,403.9956939697266,421.50591552734375,418.8310736083984,IGARASHI.BO,2023-11-23 11:08:12.118393
194,2023-01-18 00:00:00+05:30,408.51197336897354,411.7557162300672,403.47170818372666,404.4198913574219,1046,0.0,0.0,2023-01-18,403.56153106689453,6.549549634317357,410.1110807012119,397.01198143257716,416.6606303355292,390.46243179825984,1.943332590966215,-53.025477044203015,238849,888.9245431264488,621.1234241647755,406.4117446761898,68.77241123301272,406.5491052570719,409.62650233041717,401.3424942840766,414.83311330341246,398.26509721073137,417.9105103767577,393.0584862377361,-0.18480799088645644,-70.77359943841692,-3.6704354499785268,-4.789969501516206,1.1195340515376788,45.92380233444287,18.186959046805708,404.94886474609376,403.56153106689453,421.8322863769531,417.9008679199219,IGARASHI.BO,2023-11-23 11:08:12.118393
195,2023-01-17 00:00:00+05:30,406.36611350280975,411.2067819549666,405.5676659155526,409.859375,215,0.0,0.0,2023-01-17,403.4193054199219,6.560804127137769,409.98010954705967,396.8585012927841,416.54091367419744,390.29769716564635,43.62641775248901,-47.17291246338126,239895,185.17145447565937,554.1731444243571,406.41282407628455,74.46603902307751,408.8779409568397,412.18821599812685,406.5490999587129,414.5170569962537,403.23882491742575,417.8273320375408,400.9099839192989,-0.1790874628651521,-55.15762334534556,-3.867148777024056,-5.069853014400625,1.2027042373765688,49.75600925227736,18.259730515462493,404.61949462890624,403.4193054199219,422.39320373535156,416.966669921875,IGARASHI.BO,2023-11-23 11:08:12.118393
196,2023-01-16 00:00:00+05:30,410.8574525557304,413.10312067660215,403.5715192804313,404.070556640625,107,0.0,0.0,2023-01-16,403.71373748779297,6.983543352735011,410.697280840528,396.73019413505796,417.680824193263,389.74665078232294,-6.499363304821861,-56.112885429882006,239680,90.85350534465768,646.4235669115315,406.4124401348789,79.11714432474298,406.9150655325528,410.25861178467426,400.7270103885034,416.44666692872363,397.3834641363819,419.7902131808451,391.19540899233255,-0.15377905132870556,-71.77648922436622,-4.5961150048282775,-5.370529073744766,0.7744140689164887,45.239833301806094,18.061655929821278,402.52353515625,403.71373748779297,422.1925909423828,415.9835662841797,IGARASHI.BO,2023-11-23 11:08:12.118393
197,2023-01-13 00:00:00+05:30,401.07633958002674,410.40834447262574,401.07633958002674,404.46978759765625,644,0.0,0.0,2023-01-13,404.09300537109374,7.206362859522497,411.2993682306162,396.88664251157127,418.50573109013874,389.68027965204874,-39.07324737561833,-64.41822370097593,239787,547.3594983410608,785.3160823032498,406.4125699768,80.67898296189944,405.3181572167696,409.5599748535124,400.2279699609134,414.6501621093686,395.9861523241706,418.8919797461114,390.8959650683144,-0.08962788266922488,-70.63035450087634,-4.889663670111474,-5.5641325909738875,0.6744689208624131,45.50220434827804,17.848344837592276,403.1323547363281,404.09300537109374,422.0788098144531,415.03589416503905,IGARASHI.BO,2023-11-23 11:08:12.118393
198,2023-01-12 00:00:00+05:30,404.51968311206497,405.2682391729376,401.2759401816167,401.9247131347656,1431,0.0,0.0,2023-01-12,404.22774505615234,7.238897727147738,411.4666427833001,396.9888473290046,418.7055405104478,389.7499496018569,-75.9757666373692,-76.64920638015548,239143,1208.6068426214626,844.805228293797,406.41321849301437,81.68148528503309,402.82296416310663,404.36998814459656,400.37768915327564,406.81526315442756,398.8306651717857,408.3622871359175,396.3853901619547,-0.1658693457309972,-60.78205927549979,-5.23072730294507,-5.73274982118949,0.50202251824442,43.56470660914444,17.832839225779296,403.2121948242187,404.22774505615234,422.0259118652344,414.12964233398435,IGARASHI.BO,2023-11-23 11:08:12.118393
199,2023-01-11 00:00:00+05:30,394.23951410539064,404.17036974549876,394.23951410539064,402.7730407714844,289,0.0,0.0,2023-01-11,405.38301544189454,8.572824428991034,413.9558398708856,396.8101910129035,422.5286642998766,388.2373665839125,-125.41901237733397,-89.47858699508049,240574,244.60140145040592,753.8548247118805,406.41655025868965,72.44411225072031,400.3943082074579,406.5491023095252,396.6182466694171,410.32516384756605,390.4634525673498,416.47995794963333,386.68739102930897,-0.14731754863081406,-53.34011229408787,-5.337487388743682,-5.858255450750594,0.520768062006912,44.049432985684454,18.23499745218739,403.79107666015625,405.38301544189454,422.19258972167967,413.3850784301758,IGARASHI.BO,2023-11-23 11:08:12.118393
200,2023-01-10 00:00:00+05:30,399.7289098669437,412.70388072404796,396.28554003287564,399.37957763671875,275,0.0,0.0,2023-01-10,406.7079605102539,10.065920402333637,416.7738809125875,396.64204010792025,426.83980131492115,386.5761197055866,-113.80372386080947,-85.60138998357105,240285,230.79120339737145,881.168180527249,406.41709653947544,65.65731200532647,402.7896661312141,409.2937922295526,392.8754515383803,419.20800682238644,386.3713254400418,425.7121329207249,376.45711084720796,-0.1727609097977063,-60.222721469794806,-5.476849047833241,-5.988447466252322,0.5115984184190809,41.64486519838522,18.757866633888185,404.20029296875,406.7079605102539,422.45308776855467,412.61107147216796,IGARASHI.BO,2023-11-23 11:08:12.118393
201,2023-01-09 00:00:00+05:30,423.9821104857651,423.9821104857651,406.2163934237349,407.1146545410156,468,0.0,0.0,2023-01-09,408.2998901367188,11.289241969079617,419.5891321057984,397.01064816763915,430.878374074878,385.7214061985595,69.05579398305063,-53.747191476312395,240560,400.37162721206266,1043.7624248097184,406.4181007214263,60.91249271887545,412.4377194835052,418.65904554327545,400.8933284812453,430.20343654553534,394.67200242147504,436.4247626053056,383.12761141921516,-0.17768700778131616,-44.53446756454369,-5.238086938276638,-6.116347070857092,0.8782601325804542,45.819721767200825,19.11817276544385,407.913134765625,408.2998901367188,422.71258728027345,411.8939547729492,IGARASHI.BO,2023-11-23 11:08:12.118393
202,2023-01-06 00:00:00+05:30,410.00906654971743,411.35647346010376,402.224096225653,404.8689880371094,344,0.0,0.0,2023-01-06,409.2056427001953,11.899356067716491,421.1049987679118,397.3062866324788,433.0043548356283,385.4069305647623,-6.545805898361758,-77.79872918626361,240092,292.66693489461306,1204.6101242091322,406.41793153475436,61.82025106400365,406.1498525742887,410.07560892292435,400.9432316884736,415.28222980873943,397.0174753398379,419.2079861573751,391.81085445402283,-0.22017188110358268,-49.08911992749926,-5.614822009217846,-6.335912104002205,0.7210900947843584,44.31279412124621,18.45896643605102,409.31044311523436,409.2056427001953,422.7255621337891,411.1084701538086,IGARASHI.BO,2023-11-23 11:08:12.118393
203,2023-01-05 00:00:00+05:30,429.07232641349583,429.07232641349583,403.2221966320663,404.8191223144531,825,0.0,0.0,2023-01-05,410.8025634765625,13.34234716887443,424.14491064543694,397.4602163076881,437.48725781431136,384.11786913881366,76.30128633730298,-57.45014764444987,239748,701.803729800659,1432.595921537762,406.4182081252029,57.60894828004024,412.37121512000505,421.5202336079438,395.67010382651426,438.2213449014346,386.5210853385755,447.3703633893733,369.81997404508473,-0.23042506089595427,-49.19025739877191,-5.790919876034877,-6.516184627698293,0.7252647516634161,44.28081557451317,18.661272186130237,408.96112060546875,410.8025634765625,422.75750061035154,410.33396423339843,IGARASHI.BO,2023-11-23 11:08:12.118393
204,2023-01-04 00:00:00+05:30,419.09157897210804,419.1913925382867,404.22027137620506,404.8191223144531,1275,0.0,0.0,2023-01-04,412.51675567626955,14.669496575663635,427.1862522519332,397.8472591006059,441.8557488275968,383.1777625249423,59.53127435335712,-71.49482388192092,240573,1084.6057642373821,1615.2939694720376,406.41889322668123,38.466756699288034,409.41026207631495,414.60025277642484,399.6291316143432,424.3813832383966,394.4391409142333,429.5713739385065,384.6580104522615,-0.2591347686564944,-43.910563835036385,-5.923726280167216,-6.697500815614147,0.7737745354469308,44.28081557451317,18.770571896170495,409.4501708984375,412.51675567626955,422.8263671875,409.52452545166017,IGARASHI.BO,2023-11-23 11:08:12.118393
205,2023-01-03 00:00:00+05:30,415.2489727089031,418.9917528875995,406.0167816014521,417.94378662109375,4076,0.0,0.0,2023-01-03,414.5178955078125,16.212827725656165,430.73072323346867,398.30506778215636,446.9435509591248,382.0922400565002,121.59200764143368,-54.552437286803865,241848,3579.7504551517004,1747.9660207807015,406.41995317531473,39.6929046828959,414.3174403700485,422.6180991386448,409.64312785249746,427.29241165619584,401.3424690839011,435.5930704247922,396.6681565663501,-0.2322748061469197,-24.778768518883847,-6.00400529333416,-6.890944449475878,0.8869391561417181,50.8931899233061,19.69131608518527,408.8712890625,414.5178955078125,422.86229736328124,408.79493255615233,IGARASHI.BO,2023-11-23 11:08:12.118393
206,2023-01-02 00:00:00+05:30,404.5196728609374,420.3391633049221,404.5196728609374,414.1011962890625,1226,0.0,0.0,2023-01-02,415.9925506591797,17.804037335414236,433.79658799459395,398.18851332376545,451.60062533000814,380.38447598835126,108.01171774214062,-57.43685352061174,237772,1066.8359936594911,1290.0199121879518,406.3954924770145,29.32269192007311,412.986677484974,421.4536821090106,405.63419166502587,428.8061679289587,397.1671870409893,437.2731725529953,389.81470122104116,-0.36599013565488875,-41.64548313844588,-7.308397555643808,-7.112679238511307,-0.19571831713250099,48.81593747022885,20.504119606569706,405.26824340820315,415.9925506591797,422.47504455566406,408.1127484130859,IGARASHI.BO,2023-11-23 11:08:12.118393
207,2022-12-30 00:00:00+05:30,410.60793592861387,410.60793592861387,401.4256667304332,403.12237548828125,902,0.0,0.0,2022-12-30,417.9762237548828,19.692240541674494,437.6684642965573,398.28398321320833,457.3607048382318,378.59174267153384,26.13403711327874,-86.43470448788901,236546,764.0893501748329,1345.815891820067,406.39056961288344,29.999001537566386,405.0519927157761,408.67831870111905,399.4960495029384,414.2342619139568,395.86972351759545,417.86058789929973,390.3137803047577,-0.3649608202193227,-60.30535953010375,-8.489244698845539,-7.063749659228181,-1.425495039617358,42.33989953868527,21.379446475752946,401.5054992675781,417.9762237548828,422.4810333251953,407.44952789306643,IGARASHI.BO,2023-11-23 11:08:12.118393
208,2022-12-29 00:00:00+05:30,402.5235189004256,407.91314670872714,402.2241086705524,407.2643737792969,35,0.0,0.0,2022-12-29,420.33667144775393,20.625334698046636,440.96200614580056,399.7113367497073,461.5873408438472,379.08600205166067,26.758223416886324,-83.06607789491045,237448,29.953334044731633,1491.2475272313757,406.3921064704781,28.06943959752789,405.8005430528588,409.3769774351652,403.6879393969905,411.48958109103353,400.1115050146841,415.0660154733399,397.9989013588158,-0.3748858765661865,-53.26551640603073,-8.791214451824771,-6.707375899323842,-2.0838385525009295,44.302425696600075,22.935123611561576,398.4014892578125,420.33667144775393,422.7634881591797,406.92653686523437,IGARASHI.BO,2023-11-23 11:08:12.118393
209,2022-12-28 00:00:00+05:30,399.72893650600946,418.093505774321,399.72893650600946,401.9247131347656,2936,0.0,0.0,2022-12-28,422.68214721679686,21.699783410564603,444.38193062736144,400.9823638062323,466.0817140379261,379.28258039566765,10.31142641886404,-81.53717254627679,237413,2479.7132703959574,1856.5710755280365,406.3920905540794,26.864113024660966,406.5823851383654,413.43583377072133,395.0712645024098,424.9469544066769,388.21781587005387,431.80040303903286,376.7066952340983,-0.4063179862302073,-67.11108240476091,-9.452551096772027,-6.186416261198609,-3.2661348355734177,41.02853815714636,24.37733184824028,396.05601196289064,422.68214721679686,422.9650994873047,406.2832778930664,IGARASHI.BO,2023-11-23 11:08:12.118393
210,2022-12-27 00:00:00+05:30,401.87478580684285,405.36804737804647,397.1339308173523,399.9285583496094,1333,0.0,0.0,2022-12-27,425.50170745849607,22.509211623646923,448.010919082143,402.99249583484914,470.52013070578994,380.4832842112022,-45.21164087878851,-106.78138371365687,234477,1120.2456637301389,1700.7855268110561,406.39893914363256,17.178908860878465,400.8101788483361,404.4864268793199,396.2523103186257,409.04429540903027,392.5760622876419,412.72054344001407,388.0181937579315,-0.38911430288537335,-70.48938068352695,-9.630166266648018,-5.369882552305254,-4.260283714342765,39.79786298678631,25.930479180048117,395.98614501953125,425.50170745849607,423.07788146972655,405.8126852416992,IGARASHI.BO,2023-11-23 11:08:12.118393
211,2022-12-26 00:00:00+05:30,386.50443034648646,397.7327708020009,384.4084673696925,395.2874755859375,1580,0.0,0.0,2022-12-26,428.33873291015624,22.691375189106854,451.0301080992631,405.6473577210494,473.72148328836994,382.95598253194254,-102.42618896913275,-144.3204661138979,233144,1312.41397328229,1845.9204925812853,406.4034458038611,12.60412549880995,392.4762379192103,400.54400846872807,387.21970503641967,405.8005413515187,379.1519344869019,413.86831190103646,373.89540160411127,-0.4439427169941245,-77.83324057625533,-9.515064895199032,-4.304811623719562,-5.21025327147947,36.96389994250176,26.489540048538636,399.15003662109376,428.33873291015624,423.4182244873047,405.2108459472656,IGARASHI.BO,2023-11-23 11:08:12.118393
212,2022-12-23 00:00:00+05:30,393.8901840217032,395.4372181203239,379.76743275858234,387.6023254394531,1711,0.0,0.0,2022-12-23,432.04408569335936,23.05790403714071,455.10198973050007,408.98618165621866,478.15989376764077,385.92827761907796,-149.4880755530998,-169.68333557436523,231564,1393.5966317042605,1979.2971224060338,406.41263035581187,7.68260445244438,387.6023254394531,395.4372181203239,379.76743275858234,403.2721108011947,371.93254007771156,411.10700348206547,364.0976473968408,-0.27040015893431607,-90.1936202069622,-8.766456277827615,-3.002248305849694,-5.764207971977921,32.040609881618735,26.325699318825055,402.42372436523436,432.04408569335936,423.7605645751953,404.6259744262695,IGARASHI.BO,2023-11-23 11:08:12.118393
213,2022-12-22 00:00:00+05:30,417.9936678206725,417.9936678206725,390.5466138566908,395.5369873046875,2093,0.0,0.0,2022-12-22,435.7893600463867,21.489408443804955,457.2787684901917,414.29995160258176,478.76817693399664,392.8105431587768,-103.94980370467496,-117.09914030966205,233275,1739.6305834239995,2125.722245081477,406.4294760192328,13.43181532225529,401.3590896606836,412.1715654646764,384.7245115006947,428.8061436246653,373.9120356967019,439.6186194286581,357.277457536713,-0.10937111564052715,-92.81609328312614,-6.918314453617711,-1.5611963128552129,-5.357118140762498,34.6305365769544,25.911932122226318,406.3361755371094,435.7893600463867,424.4432470703125,404.10847259521483,IGARASHI.BO,2023-11-23 11:08:12.118393
214,2022-12-21 00:00:00+05:30,416.396794424097,417.49465227291665,395.6368215212768,401.57537841796875,1761,0.0,0.0,2022-12-21,437.81794891357424,19.292272631058104,457.11022154463234,418.52567628251614,476.40249417569044,399.23340365145805,-111.01027641393924,-104.0152916943034,235368,1486.0284967610635,2222.245160495846,406.44142180303453,13.642792346522242,404.9022840707207,414.1677466201647,392.3099158685248,426.7601148223606,383.04445331908084,436.02557737180456,370.4520851168849,-0.08861836367429736,-90.77517240000304,-5.228753900961124,-0.22191677766458828,-5.006837123296536,36.7304019233038,26.079980949063227,412.23480224609375,437.81794891357424,425.0700384521484,403.58897491455076,IGARASHI.BO,2023-11-23 11:08:12.118393
215,2022-12-20 00:00:00+05:30,413.0532328632752,417.3449420162626,408.7116016985225,415.7480163574219,945,0.0,0.0,2022-12-20,438.8359848022461,17.755096037176145,456.59108083942226,421.08088876507,474.3461768765984,403.3257927278938,-89.4981142242261,-66.11650208347811,237129,825.586720523452,2406.2993264295415,406.4459160254401,12.293555351368383,413.93485335740235,419.1581050162822,410.52476469854207,422.5681936751425,405.3015130396622,427.79144533402234,401.89142438080194,-0.0867163771174657,-77.40384863055927,-3.5810708954441566,1.0297925031595456,-4.610863398603702,42.32067525152798,26.577690152679818,417.77411499023435,438.8359848022461,425.6030096435547,403.0140835571289,IGARASHI.BO,2023-11-23 11:08:12.118393
216,2022-12-19 00:00:00+05:30,409.2106191549905,413.15302632793936,403.22217106979554,411.6559143066406,1865,0.0,0.0,2022-12-19,439.30009002685546,17.233481778330486,456.53357180518594,422.066608248525,473.76705358351643,404.8331264701945,-140.45272367460217,-83.89824980993454,236184,1613.2954166367929,2801.477477906064,406.4413034088645,9.435968810785397,409.34370390145847,415.4652367331214,405.5343814749776,419.2745591596023,399.41284864331465,425.3960919912652,395.60352621683376,-0.0974642088600656,-83.03571080518896,-2.813068800668759,2.182508352810471,-4.99557715347923,39.867754259303794,28.027597718450767,420.86814575195314,439.30009002685546,426.1200128173828,402.37980712890624,IGARASHI.BO,2023-11-23 11:08:12.118393
217,2022-12-16 00:00:00+05:30,422.7345220701418,424.43126122387787,399.32968890346,407.1645812988281,9778,0.0,0.0,2022-12-16,439.9912567138672,16.31938786241965,456.31064457628685,423.6718688514475,472.6300324387065,407.35248098902787,-168.27059433026685,-80.98237810470218,234319,8366.055275520846,3098.5229932233815,406.4361952959582,8.486311869086236,410.30851047538863,421.28733204731725,396.1857597268994,435.4100827958065,385.20693815497077,446.3889043677351,371.08418740648153,-0.13336117429642905,-89.34147168941843,-1.3841610864375298,3.431402641180278,-4.815563727617808,37.14281602478185,29.207647201996803,423.58290405273436,439.9912567138672,426.55816772460935,401.78545349121094,IGARASHI.BO,2023-11-23 11:08:12.118393
218,2022-12-15 00:00:00+05:30,429.2719383621627,430.51953174820784,423.183676546498,425.0301208496094,295,0.0,0.0,2022-12-15,440.68990936279295,15.093100782834746,455.7830101456277,425.5968085799582,470.8761109284624,410.50370779712347,-108.07340097441217,-12.915842480738,244097,263.47682962006064,1781.6399226490153,406.43243512514607,54.39920856863625,426.24444304810504,429.30520954971206,421.96935434800224,433.58029824981486,418.9085878463952,436.6410647514219,414.6334991462924,-0.12333969267145865,-96.5613266768054,0.9085741785588652,4.63529357308473,-3.7267193945258645,44.61450625758883,30.478469722738687,429.5114685058594,440.68990936279295,426.88653381347655,401.173134765625,IGARASHI.BO,2023-11-23 11:08:12.118393
219,2022-12-14 00:00:00+05:30,430.4197219721663,438.6039468401519,429.17212857514556,429.2719421386719,754,0.0,0.0,2022-12-14,441.40353240966795,14.64445768710599,456.04799009677396,426.75907472256193,470.6924477838799,412.114617035456,-84.64099064664818,14.852425739890682,244392,680.1497670020882,2161.1806959062537,406.4295381516964,62.908881283113246,432.3493391846564,435.52654979416724,426.0947315291609,441.7811574496627,422.9175209196501,444.95836805917355,416.6629132641546,-0.10712303277394228,-91.5546836956374,2.070718854824918,5.566973421716195,-3.4962545668912774,46.68352434463907,31.839809017112636,432.32603759765624,441.40353240966795,426.6759399414062,400.1206649780273,IGARASHI.BO,2023-11-23 11:08:12.118393
220,2022-12-13 00:00:00+05:30,428.1740544565554,438.05498808301894,428.1740544565554,431.2181701660156,1418,0.0,0.0,2022-12-13,442.35918884277345,14.433228273455548,456.792417116229,427.9259605693179,471.22564538968453,413.49273229586237,-102.41850011102355,17.565285918717116,245146,1284.9137828849105,2531.438428132295,406.42044007292526,65.10390550025114,432.4824042351966,436.79075401383784,426.9098203873743,442.36333786166017,422.60147060873305,446.6716876403014,417.0288867609107,0.09124884600580441,-82.50679683699454,3.109486550442341,6.441037063439015,-3.3315505129966736,47.62676686055277,32.67293045463188,435.4400329589844,442.35918884277345,426.6619665527344,399.0612088012695,IGARASHI.BO,2023-11-23 11:08:12.118393
221,2022-12-12 00:00:00+05:30,431.8669268086586,432.71526592075827,424.880404039128,425.2297058105469,2651,0.0,0.0,2022-12-12,442.4664825439453,14.353806722098648,456.8202892660439,428.11267582184666,471.1740959881426,413.758869099748,-168.23701620441616,-1.766170705348911,243728,2368.830729034067,2843.0695894441415,406.4018513253573,63.264484456757785,427.6084585901444,430.33651314116076,422.5016512595305,435.44332047177465,419.7735967085141,438.17137502279104,414.6667893779002,0.12567414215860187,-89.45556787274278,4.200636573949851,7.273924691688182,-3.0732881177383318,44.423771326955524,33.60810863715809,438.68377685546875,442.4664825439453,426.58611328125,397.86401824951173,IGARASHI.BO,2023-11-23 11:08:12.118393
222,2022-12-09 00:00:00+05:30,444.3428861214895,447.13748320801005,434.16251159706337,436.8074035644531,1252,0.0,0.0,2022-12-09,441.81773529052737,15.426954850086197,457.24469014061356,426.3907804404412,472.67164499069975,410.963825590355,-128.74726918226676,48.804385485225815,246379,1149.1984302380536,2961.62930454666,406.37542835778777,65.45120873134032,439.3691327898421,444.5757539826209,431.6007823716742,452.3441044007888,426.39416117889544,457.55072559356756,418.6258107607275,0.14601848857730707,-69.40364551892108,6.123766251570828,8.042246721122766,-1.9184804695519375,49.90230886490113,34.980967869721496,444.39276733398435,441.81773529052737,426.6330230712891,396.4252938842773,IGARASHI.BO,2023-11-23 11:08:12.118393
223,2022-12-08 00:00:00+05:30,446.68830948637196,448.08563840116244,438.20467473227933,439.10296630859375,2899,0.0,0.0,2022-12-08,440.80718383789065,16.403493071111996,457.21067690900264,424.40369076677865,473.61416998011464,408.00019769566666,-139.92970093152846,61.77963759363651,247631,2674.947672720691,3414.7370231238115,406.3552449989166,67.9970824663136,441.79775981401184,445.39084489574435,435.50988122686124,451.67872348289495,431.9167961451287,455.27180856462746,425.6289175579781,0.12295580350123086,-64.97854084140518,7.352942859252778,8.52186683851075,-1.168923979257972,51.0637481164834,35.50773162784105,447.09755249023436,440.80718383789065,426.0521429443359,394.9052261352539,IGARASHI.BO,2023-11-23 11:08:12.118393
224,2022-12-07 00:00:00+05:30,449.7823705790846,449.7823705790846,440.94940313474694,444.8419189453125,1924,0.0,0.0,2022-12-07,439.8789749145508,17.018703637478765,456.89767855202956,422.860271277072,473.91638218950834,405.8415676395932,-88.2156081165067,80.26325522040582,250530,1798.504288462098,3599.6843607245914,406.3048768798459,67.76203875802705,445.19123088638133,449.4330586380157,440.60009119367805,454.024198330719,436.35826344204366,458.2660260823534,431.7671237493404,0.10860277635994935,-53.67888980759468,8.58917502066123,8.814097833325244,-0.2249228126640137,53.97491568858133,35.62980179125442,450.1117370605469,439.8789749145508,425.4982116699219,393.3342565917969,IGARASHI.BO,2023-11-23 11:08:12.118393
225,2022-12-06 00:00:00+05:30,459.5635219951046,459.66330510112897,445.44074018677355,447.4368896484375,1786,0.0,0.0,2022-12-06,439.26016693115236,17.053716499916927,456.31388343106926,422.20645043123545,473.3675999309862,405.1527339313185,-7.177646607303653,110.92861386057695,252454,1679.2445457788017,4049.9793787902145,406.2654989009844,66.20315370825908,450.8469783121133,456.2532164374531,442.0306515230977,465.06954322646874,436.6244133977579,470.4757813518085,427.80808660874226,0.1930051164019917,-49.3311029494161,9.47658790671693,8.870328536491247,0.6062593702256827,55.295753473873106,35.45926323000133,452.80653686523436,439.26016693115236,425.11594848632814,391.7103887939453,IGARASHI.BO,2023-11-23 11:08:12.118393
226,2022-12-05 00:00:00+05:30,446.48872504550667,460.0126251047924,446.48872504550667,453.774658203125,1688,0.0,0.0,2022-12-05,436.87975921630857,19.057265318499528,455.9370245348081,417.82249389780907,474.99428985330763,398.7652285793095,21.602221971009538,125.55892327557774,254240,1609.5830319189113,4642.663087043067,406.22640949183534,78.07972066846769,453.425336117808,460.36194719010933,446.8380471308236,466.9492361770937,439.9014360585223,473.88584724939506,433.3141470715379,0.20007700285528346,-38.712383131475846,10.213595352090863,8.718763693934825,1.4948316581560377,58.552689042266095,34.78125607506326,454.65297241210936,436.87975921630857,424.7027459716797,390.08252899169923,IGARASHI.BO,2023-11-23 11:08:12.118393
227,2022-12-02 00:00:00+05:30,457.9665949212492,459.8629308122153,449.38314617080835,450.3313293457031,1404,0.0,0.0,2022-12-02,434.1101013183594,20.447192706108464,454.55729402446786,413.66290861225093,475.00448673057633,393.21571590614246,27.497510858034463,132.09031296421688,252552,1328.6175167384881,5400.933100824106,406.18370446840567,78.81670651390932,453.19246877624226,457.0017913816762,446.5220067402692,463.67225341764924,442.7126841348353,467.48157602308316,436.0422220988622,0.17456972856355218,-38.46705990835163,10.378262597189917,8.345055779395814,2.0332068177941025,57.285091560016006,33.937847160362544,457.7769470214844,434.1101013183594,424.3594085693359,388.4237289428711,IGARASHI.BO,2023-11-23 11:08:12.118393
228,2022-12-01 00:00:00+05:30,464.1047448078536,471.9895290042224,450.63073608762556,454.17388916015625,4656,0.0,0.0,2022-12-01,431.68477935791014,21.281606824655555,452.9663861825657,410.4031725332546,474.2479930072212,389.12156570859906,60.65470983076871,172.7253812679182,253956,4443.609010868618,6419.01199684551,406.15070013231394,78.55816280324865,458.9313847506681,467.2320334137106,445.8732404971138,480.2901776672649,437.57259183407126,488.59082633030744,424.51444758051696,0.1713829560436933,-32.89949420952936,10.770955887900868,7.836754074947287,2.9342018129535816,59.16054047901359,32.7282764702086,460.2122436523438,431.68477935791014,424.12585876464846,386.8053503417969,IGARASHI.BO,2023-11-23 11:08:12.118393
229,2022-11-30 00:00:00+05:30,463.655593287996,463.655593287996,457.11821613595635,458.31591796875,1317,0.0,0.0,2022-11-30,429.48901519775393,21.10390614094665,450.5929213387006,408.38510905680727,471.69682747964725,387.2812029158606,78.69630096817126,193.87213257093683,258612,1268.385944017655,6912.862743339733,406.03134569977885,83.16269062109309,459.69657579756745,462.27493545917855,455.7375583071389,466.2339529496071,453.1591986455278,468.8123126112182,449.20018115509924,0.18976236241086575,-26.898021589241125,10.732092075525543,7.103203621708891,3.6288884538166517,61.16525650912262,31.300487551259305,456.59921875,429.48901519775393,423.6308135986328,385.1650146484375,IGARASHI.BO,2023-11-23 11:08:12.118393
230,2022-11-29 00:00:00+05:30,462.30821381204925,472.8378897269245,455.5212875681159,456.6690673828125,5195,0.0,0.0,2022-11-29,427.3631164550781,20.167963725501732,447.53108018057986,407.19515272957636,467.69904390608156,387.02718900407467,112.89018327529176,224.98337698735926,257295,4985.260442966011,8323.981943170253,405.9945633611274,85.23606141074339,461.6760815592843,467.8308755504527,450.51427339164405,478.9926837180929,444.35947940047566,485.1474777092613,433.19767123283543,0.19059864154985665,-29.28417802559992,10.111800083448315,6.195981508254727,3.9158185751935886,60.67205901727192,30.033852744425676,449.32325439453126,427.3631164550781,423.04494384765627,383.42736663818357,IGARASHI.BO,2023-11-23 11:08:12.118393
231,2022-11-28 00:00:00+05:30,464.65367630356315,476.88009169174245,459.91282135712623,469.39453125,24685,0.0,0.0,2022-11-28,425.1473907470703,19.189385577627398,444.33677632469767,405.9580051694429,463.5261619023251,386.7686195918155,199.5701463218441,290.37556772526244,262490,24348.480380091907,9158.662318221312,405.85354946490094,91.63181431017045,468.72914809962293,477.54547484211963,460.5782045075034,485.69641843423915,451.7618777650067,494.51274517673585,443.6109341728872,0.19892999183739724,-10.040162210790774,9.326619104578981,5.217026864456329,4.109592240122652,66.74469036516953,28.669784490912534,442.99546508789064,425.1473907470703,422.8503192138672,381.73263580322265,IGARASHI.BO,2023-11-23 11:08:12.118393
232,2022-11-25 00:00:00+05:30,433.1644222460635,464.5039619112722,431.1682728347913,462.5078125,11592,0.0,0.0,2022-11-25,422.06583404541016,16.46510155059053,438.5309355960007,405.6007324948196,454.9960371465912,389.1356309442291,162.21149081703172,217.9943314163741,237805,11266.2179867231,5361.207802753661,405.0021080835355,87.44697953461569,452.72668241535456,474.2850919959178,440.9494029194369,486.06237149183545,419.39099333887367,507.6207810723987,407.61371384295603,0.19312107268574855,-2.9239769617172753,6.926771726461368,4.189628804425666,2.7371429220357015,64.98324056427751,26.81459415029222,434.2124084472656,422.06583404541016,422.4530853271484,379.7898834228516,IGARASHI.BO,2023-11-23 11:08:12.118393
233,2022-11-24 00:00:00+05:30,426.0282038023632,448.1355529391091,421.53686752569064,436.1087646484375,2783,0.0,0.0,2022-11-24,419.26373901367185,13.768119222782149,433.031858236454,405.4956197908897,446.7999774592362,391.72750056810753,63.80544139952033,109.97764055815021,226213,2550.402501984455,3884.955256761301,404.63795964519375,82.07289197887673,435.2603950377458,448.983922549801,422.3852371363825,461.8590804511643,408.66170962432733,475.58260796321946,395.786551722964,0.117173651775587,-33.416641612926846,4.427526221879589,3.505343073916741,0.9221831479628477,56.851696460912876,25.17111092673045,425.93837280273436,419.26373901367185,422.01493103027343,377.9224856567383,IGARASHI.BO,2023-11-23 11:08:12.118393
234,2022-11-23 00:00:00+05:30,425.37946622676395,430.3199179127883,419.1414991038869,421.93609619140625,1205,0.0,0.0,2022-11-23,417.8714233398438,13.377442951618892,431.24886629146266,404.4939803882249,444.62630924308155,391.116537436606,-46.65683031195652,30.362118483602675,223430,1068.4013590871496,4218.593445455512,404.59004249735415,76.93657614329196,423.79917106936045,428.45684303483404,417.2784242259326,434.9775898782619,412.620752260459,439.63526184373546,406.1000054170312,0.10780377289482722,-54.4082403446308,3.7605571260631336,3.2747972869260287,0.48575983913710497,51.20412964060321,23.943993117488834,426.57713623046874,417.8714233398438,422.5059832763672,376.4258724975586,IGARASHI.BO,2023-11-23 11:08:12.118393
235,2022-11-22 00:00:00+05:30,428.8727145703929,428.8727145703929,424.13185970342147,425.0301208496094,331,0.0,0.0,2022-11-22,417.1054000854492,13.569701310571205,430.6751013960204,403.535698774878,444.2448027065916,389.96599746430684,-22.92661724315759,45.85542960893774,224635,295.6299342516614,5006.1414670476015,404.5785993881577,76.65381938240337,426.01156504114124,427.891270378861,423.1504155118896,430.75241990811264,421.27071017416984,432.6321252458324,418.4095606449182,0.1019585366412655,-49.483709201423515,4.245449538913874,3.1533573271417525,1.0920922117721217,52.598159731187934,23.345224907906587,431.86693115234374,417.1054000854492,423.4591442871094,375.056513671875,IGARASHI.BO,2023-11-23 11:08:12.118393
236,2022-11-21 00:00:00+05:30,456.0702630920056,456.0702630920056,418.7422435745428,425.479248046875,2574,0.0,0.0,2022-11-21,415.78295135498047,14.037484494891242,429.8204358498717,401.7454668600892,443.85792034476293,387.707982365198,67.8635518897507,98.41892900439453,224966,2301.3762669057032,6183.769350246586,404.5748926779759,77.4887262099661,433.4305849044745,448.11892623440616,410.79090671694337,470.75860442193726,396.1025653870117,485.44694575186895,373.4628871994806,0.07547372344802541,-48.76886652415783,4.497219221772241,2.880334274198722,1.616884947573519,52.79252063462372,22.261585469151072,433.5337158203125,415.78295135498047,424.07495666503905,373.65022644042966,IGARASHI.BO,2023-11-23 11:08:12.118393
237,2022-11-18 00:00:00+05:30,434.2623105662728,438.8534603045157,417.19522700607774,421.13763427734375,3247,0.0,0.0,2022-11-18,415.229020690918,13.852083814255684,429.0811045051737,401.3769368766623,442.93318831942935,387.52485306240663,22.396685958409105,39.407857022251946,222392,2873.4725074263956,7154.367621081807,404.5453878642791,78.24633724923453,425.7287738626457,434.2623207192137,412.6040874207757,447.38700716108366,404.07054056420776,455.9205540176516,390.9458541223378,0.0858887419272394,-55.679093358694765,4.707188800522715,2.4761130373053417,2.2310757632173734,51.17683516266257,21.094589150491284,430.888818359375,415.229020690918,424.32347717285154,372.18654968261717,IGARASHI.BO,2023-11-23 11:08:12.118393
238,2022-11-17 00:00:00+05:30,441.69795502264066,444.7421011930398,431.16827891326494,439.3025817871094,3532,0.0,0.0,2022-11-17,415.0343948364258,13.791911512208546,428.8263063486344,401.24248332421723,442.6182178608429,387.4505718120087,97.8318371488208,120.55455235114151,225639,3260.507135765452,8224.591399495659,404.5157935037103,81.69873246879439,438.40432063113803,445.6403623490111,432.0665400692363,451.9781429109129,424.8304983513632,459.214184628786,418.49271778946144,0.08602543541533235,-26.767284433901864,5.33227562030828,1.9183440965009981,3.4139315238072823,59.026153070313796,20.549519363825333,429.98056640625,415.0343948364258,423.19964477539065,370.6505123901367,IGARASHI.BO,2023-11-23 11:08:12.118393
239,2022-11-16 00:00:00+05:30,420.43897846372647,456.1201499297875,420.43897846372647,448.38507080078125,30402,0.0,0.0,2022-11-16,413.93651275634767,12.579026949132668,426.51553970548036,401.35748580721497,439.094566654613,388.77845885808233,141.59270661256568,148.54875810466712,229171,28645.34144387266,9465.61246542821,404.44816964625454,83.27891160518803,441.64806639809836,462.85715433247026,427.17598286640924,477.3292378641594,405.96689493203735,498.5383257985313,391.4948114003482,0.09193849401265705,-12.311355685214822,4.262812011794551,1.0648612155491772,3.197950796245374,63.55169903868151,18.72590419253314,426.2278076171875,413.93651275634767,421.59773498535156,368.8449951171875,IGARASHI.BO,2023-11-23 11:08:12.118393
240,2022-11-15 00:00:00+05:30,412.25474005057276,438.1547905356994,407.8632174900432,433.3640441894531,5278,0.0,0.0,2022-11-15,411.89544982910155,9.670889208617604,421.56633903771916,402.22456062048394,431.23722824633677,392.55367141186633,86.5808417630422,45.3513595603072,198769,4806.433808597855,4670.680220817096,403.7004738984439,71.96572531988096,426.4606840717319,445.0581506534206,414.7665776077644,456.7522571173881,396.1691110260757,475.34972369907683,384.4750045621082,-0.09805086878682505,-27.98202988634677,1.9344988978540414,0.2653735164878336,1.6691253813662077,58.68628059399759,16.76201093114155,423.0439453125,411.89544982910155,419.92496215820313,366.9696127319336,IGARASHI.BO,2023-11-23 11:08:12.118393
241,2022-11-14 00:00:00+05:30,416.5963919694731,417.6942802794156,408.21257021333565,412.2547607421875,1894,0.0,0.0,2022-11-14,411.0745330810547,8.360692346266141,419.43522542732086,402.71384073478856,427.795917773587,394.3531483885224,-8.717864637064084,-54.02232872293526,193491,1640.7649072683316,4636.741823871905,403.6125774961145,70.46663168670963,412.72053707831293,417.2285039432902,407.7467938772103,422.20224714439286,403.238827012233,426.71021400937013,398.26508381113035,-0.1710022582819621,-65.91926193475658,0.4035855031239066,-0.1519078288537184,0.555493331977625,49.97058750159219,15.339514818653825,416.3368835449219,411.0745330810547,418.6454302978516,365.1915425109863,IGARASHI.BO,2023-11-23 11:08:12.118393
242,2022-11-11 00:00:00+05:30,448.9339887638758,448.9339887638758,413.1530350652059,416.59637451171875,3680,0.0,0.0,2022-11-11,411.08201904296874,8.361871656198542,419.4438906991673,402.7201473867702,427.8057623553658,394.3582757305717,105.28466444325849,30.031646801721447,195385,3221.5435693204854,5385.736053022798,403.60337842934206,68.30792271933637,426.2277994469335,439.30256382866105,403.5216101299912,462.00875314560335,390.4468457482636,475.0835175273309,367.7406564313213,-0.1778643539221887,-58.11659021211155,0.5163820947815339,-0.29078116184812464,0.8071632566296585,52.06755465502428,14.833345986007735,413.5622314453125,411.08201904296874,418.0845123291016,363.7672898864746,IGARASHI.BO,2023-11-23 11:08:12.118393
243,2022-11-10 00:00:00+05:30,438.95324808385936,438.95324808385936,415.6482278232609,420.5387878417969,6235,0.0,0.0,2022-11-10,411.3390228271484,8.615423202919406,419.95444603006786,402.723599624229,428.56986923298723,394.1081764213096,120.92643799784803,18.00694796466226,199065,5509.893707408285,5926.784173948375,403.5764508954671,64.42597835651952,425.0467545829724,434.4452813426839,411.1402610820855,448.35177484357087,401.741734322374,457.75030160328237,387.83524082148705,-0.15676831741092564,-40.587569798368605,0.22538876748353687,-0.49257197600553926,0.7179607434890761,53.97700224509496,13.834189427418377,410.6079345703125,411.3390228271484,416.15623168945314,362.19182907104494,IGARASHI.BO,2023-11-23 11:08:12.118393
244,2022-11-09 00:00:00+05:30,402.8229586918299,439.15287201196423,402.32392133727086,432.46575927734375,20595,0.0,0.0,2022-11-09,411.6559112548828,9.075866581572226,420.731777836455,402.5800446733106,429.8076444180273,393.50417809173837,163.6972860213277,8.87543823873941,205300,18716.051365480755,6031.006790583397,403.51668007073704,62.772211265526735,424.64751754219293,446.971113747115,410.1421630724216,461.4764682168863,387.81856686749956,483.8000644218084,373.31321239772825,-0.12064309953479334,-14.581090983834752,-0.5388538320569296,-0.6720621618778083,0.1332083298208787,60.18239965011886,13.312793550553415,408.55189819335936,411.6559112548828,413.9694494628906,360.7930274963379,IGARASHI.BO,2023-11-23 11:08:12.118393
245,2022-11-07 00:00:00+05:30,402.922773047684,404.5196682183582,396.23566029989956,399.8287353515625,2086,0.0,0.0,2022-11-07,411.4438201904297,8.601119304919623,420.0449394953493,402.84270088551006,428.6460588002689,394.24158158059043,-115.73098900658148,-123.5815527426333,184705,1752.6250384931043,2859.7456468590563,403.1757634216001,48.70894363077285,400.19468795660674,404.1537156133139,395.86970769485526,408.4786958750654,391.9106800381481,412.4377235317726,387.5856997763966,-0.318821392247998,-80.09115510447249,-2.6837774708473603,-0.7053642443330279,-1.9784132265143324,43.75494871734257,12.751290298544996,405.2183349609375,411.4438201904297,411.5401361083984,359.2355320739746,IGARASHI.BO,2023-11-23 11:08:12.118393
246,2022-11-04 00:00:00+05:30,404.46976185049607,406.21639253091155,397.2337204602034,398.3815002441406,3908,0.0,0.0,2022-11-04,413.532292175293,10.494977317827882,424.02726949312085,403.0373148574651,434.52224681094873,392.54233753963723,-126.53767770684605,-124.68486051166158,182619,3271.5564796608273,3136.525798950544,403.1797605090742,47.867407572147016,400.6105377450852,403.987355029967,395.00468295925884,409.59320981579333,391.62786567437706,412.9700271006751,386.0220108885507,-0.3070951044671256,-84.49852940844193,-2.1750140540195844,-0.21076093770444482,-1.9642531163151395,42.78115412644037,12.71449078091745,407.72349853515624,413.532292175293,409.77454162597655,358.0188789367676,IGARASHI.BO,2023-11-23 11:08:12.118393
247,2022-11-03 00:00:00+05:30,411.8555289334472,413.8516783822547,393.2913329677726,401.82489013671875,5350,0.0,0.0,2022-11-03,415.29140014648436,10.76682624285327,426.0582263893376,404.5245739036311,436.82505263219093,393.7577476607778,-126.16073002907025,-116.69592064740145,186527,4517.428850442314,3102.7681287729724,403.19051973647004,55.86085723511931,402.98930049558203,412.6872680233915,392.12692260890935,423.54964591006416,382.4289550810999,433.2476134378736,371.5665771944272,-0.26631658902744026,-74.012114275705,-1.348157221077031,0.28030234137434007,-1.6284595624513711,44.477559936943486,12.751878674512298,409.5998779296875,415.29140014648436,407.992978515625,356.935968170166,IGARASHI.BO,2023-11-23 11:08:12.118393
248,2022-11-02 00:00:00+05:30,418.1933122512953,421.13764489100924,408.362270060067,410.25860595703125,1581,0.0,0.0,2022-11-02,416.3792999267578,10.428447233748194,426.80774716050604,405.9508526930096,437.2361943942542,395.52240545926145,21.80534829560464,-55.92337554843347,191877,1362.9824831845576,2749.102948355637,403.194724723298,57.3423267243826,413.2528403027025,418.14341054533804,405.3680357143958,426.0282151336448,400.47746547176024,430.9187853762803,392.5926608834535,-0.2572510916571861,-51.373217252412815,-0.6082250195169081,0.6874172319871827,-1.2956422515040908,48.888915977957126,12.792142559922135,410.5280822753906,416.3792999267578,406.2333728027344,355.85056198120117,IGARASHI.BO,2023-11-23 11:08:12.118393
249,2022-11-01 00:00:00+05:30,414.8497599279307,422.1357238111735,411.8555357054861,415.7979431152344,2291,0.0,0.0,2022-11-01,416.5913909912109,10.340175448783862,426.93156643999475,406.2512155424271,437.27174188877865,395.9110400936432,69.32188216005588,-31.283412890577992,193458,2001.7421326250817,3095.6330646484066,403.188291204799,57.10411964387749,416.596400877298,421.33726604910987,411.0570779434225,426.87658898298537,406.3162127716106,431.61745415479726,400.7768898377351,-0.27158932733085017,-45.21272055157136,-0.4822652737697126,1.0113277948632053,-1.493593068632918,52.03850181637064,13.52311096692369,410.12885131835935,416.5913909912109,404.5775671386719,354.6623539733887,IGARASHI.BO,2023-11-23 11:08:12.118393
250,2022-10-31 00:00:00+05:30,411.7058107641257,424.23163597475383,408.7115866858412,412.35455322265625,6013,0.0,0.0,2022-10-31,417.23015747070315,10.677671773348182,427.90782924405136,406.55248569735494,438.5855010173995,395.8748139240068,61.07835999927878,-30.228520807492824,191167,5210.29967367595,3369.1057976542374,403.17162736698083,50.82179805505395,415.09925862775043,421.48693056965965,405.96688128074703,430.61930791666305,399.5792093388378,437.00697985857227,390.4468319918344,-0.23314881538579457,-55.56998540295996,-0.859232360722956,1.384726062021435,-2.2439584227443907,50.18821461797694,13.996003229045753,408.2923889160156,417.23015747070315,402.76905517578126,353.4481959533691,IGARASHI.BO,2023-11-23 11:08:12.118393
251,2022-10-28 00:00:00+05:30,408.6616887934011,414.8996555263641,405.4179460922603,407.7633972167969,3826,0.0,0.0,2022-10-28,417.9837051391602,10.845949427350982,428.8296545665112,407.1377557118092,439.6756039938621,396.29180628445823,-39.95114657880088,-46.96139557180327,185154,3278.3393684193793,2908.8073286488093,403.13966579872204,30.32244802433665,409.36033294514044,413.3027197980206,403.8210103639168,418.8420423792442,399.87862351103666,422.78442923212435,394.339300929813,-0.229508572233354,-68.14727284912598,-0.9897240604967692,1.9457156677075325,-2.935439728204302,47.687758167961206,14.505271819023358,405.53770751953124,417.9837051391602,401.075322265625,352.1961116027832,IGARASHI.BO,2023-11-23 11:08:12.118393
252,2022-10-27 00:00:00+05:30,400.52735535856715,411.9553225841019,400.52735535856715,406.4659118652344,1887,0.0,0.0,2022-10-27,418.9742950439453,10.767823371802908,429.7421184157482,408.20647167214236,440.5099417875511,397.4386483003395,-94.64039167758882,-50.936003721268435,181328,1611.7464938729752,2816.4243187061666,403.12940322639224,39.9914439905177,406.3161966026344,412.1050378467017,400.67707062116693,417.7441638281692,394.88822937709966,423.53300507223645,389.2491033956322,-0.16159411508677657,-82.14288735077791,-0.6896378564406973,2.679575599758608,-3.3692134561993052,46.98790303247087,15.47410027025918,406.8651550292969,418.9742950439453,399.49137817382814,351.031358795166,IGARASHI.BO,2023-11-23 11:08:12.118393
253,2022-10-25 00:00:00+05:30,408.2125596195095,418.6424526050531,402.3738164280526,408.262451171875,2741,0.0,0.0,2022-10-25,419.03916931152344,10.692138750389367,429.7313080619128,408.3470305611341,440.4234468123022,397.6548918107447,-66.23184220519107,-26.96996234325829,183215,2351.5227175689265,3117.593774914464,403.1257467860011,48.20585903648881,409.75957340166025,417.1453303752679,400.8766941982674,426.0282095786608,393.4909372246597,433.41396655226845,384.60805802126686,-0.20759896113146128,-79.2857369521627,-0.16720487334470135,3.521878963808434,-3.6890838371531354,47.81027930608135,16.280232170340767,409.02099609375,419.03916931152344,397.9104278564453,349.94595260620116,IGARASHI.BO,2023-11-23 11:08:12.118393
254,2022-10-24 00:00:00+05:30,425.03012170200043,425.03012170200043,401.6751795601628,406.6156311035156,2004,0.0,0.0,2022-10-24,419.19636688232424,10.547491701234582,429.74385858355885,408.64887518108964,440.2913502847934,398.1013834798551,-63.19289440532362,-13.173772113869017,180474,1712.3103881297718,3309.1115392508477,403.1175568626543,53.55478680200165,411.1069774552263,420.53877535028977,397.18383320845214,434.4619195970639,387.75203531338866,443.8937174921274,373.8288910666145,-0.17452235198859492,-81.90477935071665,0.32726916380357807,4.444149923096718,-4.11688075929314,47.02102895621785,17.2794657813323,410.8374938964844,419.19636688232424,396.2226837158203,348.79417434692385,IGARASHI.BO,2023-11-23 11:08:12.118393
255,2022-10-21 00:00:00+05:30,417.04552859342505,417.6942710708266,395.2375898304595,398.5811462402344,4024,0.0,0.0,2022-10-21,420.1520233154297,10.208030126604205,430.3600534420339,409.94399318882546,440.5680835686381,399.7359630622213,-156.26523231836526,-23.40705770388835,178470,3370.3532982738802,3708.3118270311165,403.11347442541324,48.862555654163856,403.8376690471735,412.4377482638875,389.98106702352044,426.29435028754057,381.38098780680644,434.89442950425456,367.5243857831534,-0.17958783975538828,-94.68253018808474,1.1175739731910426,5.473370112920003,-4.355796139728961,43.134848833088874,18.355563516246256,411.0271301269531,420.1520233154297,394.7275677490234,347.66585098266603,IGARASHI.BO,2023-11-23 11:08:12.118393
256,2022-10-20 00:00:00+05:30,413.4524516007543,418.6923438660625,411.9553395249519,414.400634765625,1910,0.0,0.0,2022-10-20,421.5618041992187,8.940471286510471,430.50227548572917,412.6213329127083,439.4427467722397,403.6808616261978,-61.229109850918036,8.579129063043668,182494,1663.238325318773,3792.8014592204254,403.12412053737563,47.90910839933392,415.01610605221316,418.0768725794744,411.3398682383638,421.75311039332377,408.27910171110256,424.813876920585,404.6028638972532,-0.17709456910253799,-82.48583650884541,2.9037457009391687,6.562319147852243,-3.658573446913074,49.82032266792331,18.994241619624585,414.7000427246094,421.5618041992187,393.7504522705078,346.6433232116699,IGARASHI.BO,2023-11-23 11:08:12.118393
257,2022-10-19 00:00:00+05:30,417.5944494251319,426.12800640661453,414.8996660037343,417.2451171875,3485,0.0,0.0,2022-10-19,422.6721618652344,9.372832830795199,432.04499469602956,413.2993290344392,441.4178275268248,403.926496203644,-35.56497758944124,21.350339022001336,184404,3055.587677640627,4325.192242695838,403.11153405354077,54.12060327203988,419.4242631992829,423.9488603948315,412.7205199919513,430.65260360216314,408.19592279640267,435.17720079771175,401.49217958907104,-0.20175492834588757,-77.11866405644075,3.588610699101821,7.4769625095805115,-3.8883518104786905,51.14163565747689,20.11585206668985,414.3008117675781,422.6721618652344,392.4180224609375,345.3897413635254,IGARASHI.BO,2023-11-23 11:08:12.118393
258,2022-10-18 00:00:00+05:30,410.258603545967,421.18753396873245,409.51004750218374,417.3449401855469,4173,0.0,0.0,2022-10-18,423.74259796142576,9.926557772885426,433.6691557343112,413.81604018854034,443.5957135071966,403.8894824156549,-71.85682297640209,17.980292129560425,187889,3659.6895148438775,4642.593383959641,403.0826913068829,60.5033262660264,416.0141738854877,422.5183002687917,410.84081380224296,427.6916603520364,404.336687418939,434.1957867353404,399.16332733569425,-0.21202057322472448,-71.66666499976851,4.13093412188141,8.449050462200184,-4.318116340318774,51.18602181217756,21.106783185667304,415.19907836914064,423.74259796142576,391.08958557128904,343.9814582824707,IGARASHI.BO,2023-11-23 11:08:12.118393
259,2022-10-17 00:00:00+05:30,414.30081652084687,416.296965932695,405.16843905340613,407.5638122558594,2834,0.0,0.0,2022-10-17,424.3464324951172,9.884127365862822,434.23055986098,414.4623051292544,444.1146872268428,404.5781777633916,-136.0909489387501,9.920869123085582,183716,2427.147481335734,4888.3193512385815,403.0477547186851,64.1562407261668,409.67640574732013,414.18437244123413,403.05584556194526,420.804932626609,398.54787886803126,425.312899320523,391.9273186826564,-0.21886950581152093,-88.85962230035038,4.752851479694925,9.528579547279875,-4.77572806758495,47.00939201641059,22.487470566512783,417.10540161132815,424.3464324951172,389.6014562988281,342.6135969543457,IGARASHI.BO,2023-11-23 11:08:12.118393
260,2022-10-14 00:00:00+05:30,424.13185930898146,425.08001200620026,415.39870561478756,416.9457092285156,3431,0.0,0.0,2022-10-14,425.4193634033203,9.100053503976453,434.5194169072967,416.31930989934386,443.6194704112732,407.2192563953674,-76.58313288030318,27.47472025673096,186550,3006.082749753715,5503.612318714293,403.0402293723257,59.79763143320273,419.14147561650117,422.8842456182148,413.2029392268021,428.8227820079139,409.46016922508846,432.5655520096275,403.52163283538937,-0.2163697770076046,-71.12068896320046,6.440374158460145,10.722511564176113,-4.282137405715968,50.887038922416586,24.146667820050908,421.2374267578125,425.4193634033203,388.54748901367185,341.461319732666,IGARASHI.BO,2023-11-23 11:08:12.118393
261,2022-10-13 00:00:00+05:30,423.0339694889883,426.12800716393417,405.11851636413525,412.40447998046875,4032,0.0,0.0,2022-10-13,426.9189697265625,10.051640227132047,436.9706099536946,416.86732949943047,447.02225018082663,406.8156892722984,-147.93447671527596,22.722482891322095,183119,3494.1745994632965,6127.994710954437,403.01212001594234,56.43913610781844,414.55033450284606,423.98215264155687,402.97266184175794,435.559825302645,393.54084370304713,444.9916434413558,381.963171041959,-0.2095655290992091,-78.9654963851296,7.579358429292597,11.793045915605104,-4.213687486312507,48.99620019243039,25.39616924565516,426.167919921875,426.9189697265625,387.00346740722654,340.30055892944335,IGARASHI.BO,2023-11-23 11:08:12.118393
262,2022-10-12 00:00:00+05:30,432.76519385052836,432.76519385052836,417.993670089004,421.7364501953125,1720,0.0,0.0,2022-10-12,428.7753875732422,10.64119301288826,439.41658058613046,418.13419456035393,450.05777359901873,407.49300154746567,-54.731730005192475,38.671402877250884,187151,1524.2994383245236,6786.449738827221,402.9897548372501,56.653626992115356,424.16510471161496,430.3365393342259,415.56501557270155,438.9366284731393,409.3935809500906,445.10806309575025,400.7934918111772,-0.17652203880243694,-62.844859173495,9.370006953055565,12.84646778718323,-3.476460834127664,52.88129440613013,26.74178616553666,430.399755859375,428.7753875732422,385.49138427734374,339.15377090454103,IGARASHI.BO,2023-11-23 11:08:12.118393
263,2022-10-11 00:00:00+05:30,429.1721159961909,433.7632656544262,420.8381862565934,426.8765563964844,3147,0.0,0.0,2022-10-11,429.71856994628905,10.818964965023083,440.53753491131215,418.89960498126595,451.3564998763352,408.0806400162429,3.1261735872750456,44.93402078374955,188871,2822.927677917662,8101.987313952895,402.970692696714,53.71505549417833,427.15933610250136,433.4804859484093,420.5554065505765,440.08441550033416,414.23425670466855,446.4055653462421,407.6303271527437,-0.19310404607809356,-53.96551372010273,10.601552209243778,13.715582995715145,-3.1140307864713677,55.11703704374406,27.30327197801977,430.76904296875,429.71856994628905,383.77369812011716,337.93811599731447,IGARASHI.BO,2023-11-23 11:08:12.118393
264,2022-10-10 00:00:00+05:30,428.4235651118741,434.5617184270706,422.9840458116072,428.22393798828125,16171,0.0,0.0,2022-10-10,431.4078109741211,12.806781950892356,444.21459292501345,418.60102902322876,457.0213748759058,405.7942470723364,31.974084340117408,49.10937648224272,192018,14551.525428791703,9421.752222961704,402.92613441748756,59.07561709549668,428.5899007423197,434.1957556730322,422.61808305756875,440.1675733577831,417.01222812685626,445.7734282884956,411.0404104421053,-0.21836638160015745,-55.40542580810616,11.511451173350622,14.494090692332987,-2.9826395189823653,55.69127628761725,27.7018542496091,428.2938171386719,431.4078109741211,382.1079113769531,336.71048416137694,IGARASHI.BO,2023-11-23 11:08:12.118393
265,2022-10-07 00:00:00+05:30,434.5617299497113,458.1162995935634,430.61935305421116,441.5981750488281,11951,0.0,0.0,2022-10-07,433.4763214111328,15.353285431726436,448.8296068428592,418.1230359794064,464.1828922745857,402.7697505476799,176.21055448515386,71.24007274106428,208189,11090.0172286863,8139.308921504204,402.68149494051517,65.59810726061644,443.4446092322009,456.2698654101906,428.7729188708384,470.9415557715531,415.94766269284867,483.76681194954284,401.2759723314862,-0.17166703490977495,-34.101713010306014,12.369284975577784,15.239750572078577,-2.870465596500793,61.59258588446478,27.981132535298826,428.3636840820312,433.4763214111328,380.42515747070314,335.62956954956053,IGARASHI.BO,2023-11-23 11:08:12.118393
266,2022-10-06 00:00:00+05:30,424.9303192845454,443.5444070381283,424.78061416575775,433.56365966796875,8188,0.0,0.0,2022-10-06,434.1874496459961,16.062277734362908,450.249727380359,418.1251719116332,466.3120051147219,402.06289417727027,111.89975809315781,62.01586685870078,196238,7459.872622421541,7401.63184470868,402.40136351355613,58.94520286102398,433.96289362395163,443.1451730821455,424.38138020977493,452.7266864963222,415.19910075158106,461.9089659545161,405.61758733740436,-0.42025477635643665,-46.899826829318656,11.96299907283634,15.957366971203774,-3.994367898367434,59.18028986846582,27.75047214372886,425.529150390625,434.1874496459961,378.6396014404297,334.27218795776366,IGARASHI.BO,2023-11-23 11:08:12.118393
267,2022-10-04 00:00:00+05:30,420.58866171885603,427.87462511758895,419.29117682560786,423.5828857421875,5015,0.0,0.0,2022-10-04,434.40453033447267,16.082728842820625,450.4872591772933,418.321801491652,466.5699880201139,402.23907264883144,-11.399666993282349,51.18594995839657,188050,4463.854667737014,7387.071650280464,402.2469176750299,56.24221257410269,423.5828958951281,427.87461496464834,419.29116667266726,432.1663441871092,414.999447603147,436.45806325662943,410.7077183806862,-0.14298448324183438,-62.79811996200533,12.052850468610472,16.955958945795633,-4.90310847718516,55.99026081106219,28.083326960603237,424.3314575195312,434.40453033447267,377.0127392578125,333.03008407592773,IGARASHI.BO,2023-11-23 11:08:12.118393
268,2022-10-03 00:00:00+05:30,415.1990917474676,431.11839603044933,411.20679278835735,414.50042724609375,4977,0.0,0.0,2022-10-03,431.4726867675781,22.30163138135642,453.7743181489345,409.1710553862217,476.075949530291,386.86942400486527,-63.52480561278025,47.60626636926835,183035,4335.042182414414,8117.875895916327,402.18195370587466,49.247397336318734,418.9418720216335,426.6769512549097,406.7653480128177,438.8534752637255,399.03026877954153,446.58855449700167,386.8537447707257,-0.12732989009371895,-77.26549379594942,12.96822354424512,18.181736065091922,-5.213512520846802,52.87920382439972,29.16477081413234,421.1675598144531,431.4726867675781,375.4597357177734,331.7330863952637,IGARASHI.BO,2023-11-23 11:08:12.118393
269,2022-09-30 00:00:00+05:30,414.250894580862,434.06268358859614,414.250894580862,428.5732727050781,5312,0.0,0.0,2022-09-30,428.70802001953126,27.368136862538584,456.0761568820698,401.3398831569927,483.44429374460844,373.9717462944541,-18.111126184632795,59.191547900979685,188012,4783.919403359127,9063.584324291805,402.1446176783233,48.9153705857664,425.6289502915121,437.00700600216226,417.1952169944281,445.4407392992463,405.817161283778,456.8187950098964,397.38342798669396,-0.12647974928342456,-56.44173697051313,14.838174780176757,19.48511419530362,-4.646939415126862,58.866810174624256,30.32940265639445,420.5487548828125,428.70802001953126,373.5653900146484,330.6990812683105,IGARASHI.BO,2023-11-23 11:08:12.118393
270,2022-09-29 00:00:00+05:30,439.1029932111093,439.1029932111093,422.53494646686624,427.4255065917969,8092,0.0,0.0,2022-09-29,425.5166778564453,30.880633521729155,456.3973113781745,394.63604433471613,487.2779448999036,363.755410812987,12.670622052169854,68.01890820434,182700,7268.035061077864,10133.500554524975,402.05884600553355,43.94203086081463,429.68781542325746,436.8406843796487,420.2726376354056,446.25586216750054,413.1197686790144,453.40873112389176,403.7045908911625,-0.17259933460721635,-63.471835902684745,15.621496131277468,20.646849049085336,-5.025352917807869,58.510253828848214,31.399510512421003,419.9798522949219,425.5166778564453,371.4604510498047,329.61417434692385,IGARASHI.BO,2023-11-23 11:08:12.118393
271,2022-09-28 00:00:00+05:30,401.2260293289317,446.68831972235,401.2260293289317,427.5751953125,16845,0.0,0.0,2022-09-28,422.6147750854492,33.322256411391706,455.9370314968409,389.2925186740575,489.25928790823264,355.97026226266576,-35.423965648181614,65.77064129705282,190792,15135.06263490222,10849.866927886753,401.9328135661751,49.66827501351074,425.16318145459394,449.1003335802562,403.6380431868379,470.62547184801224,379.70089106117564,494.5626239736745,358.1757527934196,-0.25859351413689396,-65.31646293407756,16.500733067232943,21.903187278537303,-5.402454211304359,58.57174782262812,32.05031988696379,419.8501037597656,422.6147750854492,369.1419232177734,328.59014938354494,IGARASHI.BO,2023-11-23 11:08:12.118393
272,2022-09-27 00:00:00+05:30,401.2260202641804,429.3218163376814,401.2260202641804,407.7633972167969,14322,0.0,0.0,2022-09-27,420.4464584350586,34.376750941321625,454.82320937638025,386.069707493737,489.1999603177019,351.69295655241535,-124.0269912171451,52.29905225066264,173947,12271.922748171026,9778.568001132886,401.66483027471935,74.83374769136601,412.7704112728863,424.31480228159216,396.2190062080912,440.8662073463873,384.6746151993853,452.41059835509316,368.1232101345902,-0.06887298606662458,-91.30186721076485,17.36166960263347,23.253800831363392,-5.892131228729923,52.44215837775136,32.751191521086795,421.6566223144531,420.4464584350586,366.21756469726563,327.70934860229494,IGARASHI.BO,2023-11-23 11:08:12.118393
273,2022-09-26 00:00:00+05:30,400.3277673513216,419.1913730466567,400.2279537897841,411.4064025878906,10851,0.0,0.0,2022-09-26,416.0674057006836,41.01474057216668,457.08214627285025,375.05266512851694,498.09688684501697,334.0379245563502,-168.76685985538867,51.9136709134783,188269,9380.835366419085,9155.22931437335,401.6101556291635,79.25486897730417,410.2752431414438,420.3225324931035,401.35911323623094,429.23866239831636,391.31182388457125,439.28595174997605,382.3956939793584,-0.03834404656950057,-60.96772658443581,20.15203559143316,24.72683363854587,-4.574798047112708,53.800321298677254,34.17377534319986,427.8347106933594,416.0674057006836,363.75830932617185,327.0426350402832,IGARASHI.BO,2023-11-23 11:08:12.118393
274,2022-09-23 00:00:00+05:30,429.17212973423125,432.61549970283755,423.63282722002805,425.728759765625,4148,0.0,0.0,2022-09-23,411.0570693969727,47.25931610589313,458.3163855028658,363.7977532910796,505.57570160875895,316.5384371851864,-99.96880757195079,79.57529475555874,199120,3710.841815497052,9098.827801361915,401.54316038520597,82.44378258407441,427.32569556283016,431.0185639056323,422.0358914228228,436.30836804563967,418.34302308002066,440.0012363884418,413.05321894001327,-0.048287942737413846,-46.59567111541687,23.06043491794884,25.870533150324043,-2.8100982323752035,59.42213592771183,36.134418723773294,431.43775634765626,411.0570693969727,361.17030151367186,326.3155375671387,IGARASHI.BO,2023-11-23 11:08:12.118393
275,2022-09-22 00:00:00+05:30,436.0089552393887,444.3927769439843,423.5829125719679,426.7767639160156,3445,0.0,0.0,2022-09-22,405.3206359863281,52.09981471261701,457.4204506989451,353.2208212737111,509.52026541156215,301.1210065610941,-93.25560997824972,91.49239906692759,203268,3089.517764607789,10445.82429782813,401.47976656205196,82.29502714417502,431.58415114398923,439.5853897160106,418.77552534399416,452.39401551600565,410.7742867719728,460.395254088027,397.96566097197774,-0.05755260409652454,-45.762055820670696,25.024131683363237,26.57305770841784,-1.5489260250546018,59.84793273761372,36.89144047710327,432.09649047851565,405.3206359863281,358.3048291015625,325.62437088012695,IGARASHI.BO,2023-11-23 11:08:12.118393
276,2022-09-21 00:00:00+05:30,439.751717287561,458.11628560796777,432.0665299424169,436.6077880859375,7660,0.0,0.0,2022-09-21,399.55924835205076,55.8391975148103,455.39844586686104,343.7200508372405,511.2376433816714,287.88085332243014,-40.682438710921474,114.95261675732834,206713,7027.8252232856585,12284.900931133216,401.42457712123166,78.09589007093767,442.26353454544073,452.4605391484646,426.4107834829137,468.3132902109916,416.21377887988984,478.5102948140155,400.3610278173628,-0.048491680776499894,-38.274416651215276,27.055892562402846,26.960289214681488,0.09560334772135803,63.82364830293293,37.70669467299708,436.1287048339844,399.55924835205076,355.4623120117187,324.9581559753418,IGARASHI.BO,2023-11-23 11:08:12.118393
277,2022-09-20 00:00:00+05:30,429.77098020174844,463.0068561693164,429.77098020174844,438.6538391113281,10753,0.0,0.0,2022-09-20,393.194026184082,58.58215840336856,451.7761845874506,334.61186778071345,510.35834299081915,276.0297093773449,-8.686592868564174,127.84566135142111,214373,9911.794401162728,13599.169858095105,401.25307326070003,82.47526410123601,443.81055849413104,457.85013678651364,424.6142608189457,477.046434461699,410.5746825265631,491.0860127540816,391.37838485137775,-0.04139574522689269,-36.71607526830104,28.279017480765674,26.93638837775115,1.3426291030145237,64.65538626304289,38.066529401004715,438.7137145996094,393.194026184082,352.48804931640626,324.18864028930665,IGARASHI.BO,2023-11-23 11:08:12.118393
278,2022-09-19 00:00:00+05:30,428.9724850700665,441.09911679317617,413.20291731733005,429.421630859375,3492,0.0,0.0,2022-09-19,386.953564453125,60.11234449800816,447.06590895113317,326.84121995511686,507.1782534491413,266.7288754571087,-27.804499881997497,112.66462493205638,203620,3151.0758443376694,14521.0137223282,400.9953807234454,84.79081508405663,427.9078883232937,442.6128593292574,414.7166598534113,455.80408779913984,400.0116888474476,470.5090588051035,386.82046037756515,-0.049156635808471405,-35.789805703348684,29.215013033127207,26.600731101997518,2.614281931129689,62.618708331741956,38.45404372347448,439.10296630859375,386.953564453125,349.48484191894534,323.4395854187012,IGARASHI.BO,2023-11-23 11:08:12.118393
279,2022-09-16 00:00:00+05:30,444.09336499221513,444.19314809853716,421.9360937181073,429.0224304199219,4323,0.0,0.0,2022-09-16,381.85589904785155,60.642011980553995,442.49791102840555,321.21388706729755,503.13992300895956,260.57187508674355,1.8309281477947876,129.2456347981087,200128,3897.318857382295,17363.49819182583,400.93163393088696,85.77175877485418,431.71722407885545,441.4983544396036,419.24130005917374,453.9742784592853,409.4601696984256,463.75540882003344,396.9842456787439,-0.05105531412004523,-31.83190171432286,30.87995189341683,25.94716061921509,4.93279127420174,62.53182524101543,39.565588546697164,445.3509155273438,381.85589904785155,346.6992156982422,322.72696029663086,IGARASHI.BO,2023-11-23 11:08:12.118393
280,2022-09-15 00:00:00+05:30,452.67676518262266,457.51743353924405,444.1931302854508,446.9378356933594,1610,0.0,0.0,2022-09-15,376.67339477539065,60.827695351090114,437.5010901264808,315.8456994243005,498.3287854775709,255.01800407321042,43.48012607448158,175.79981377708097,204451,1512.0762850284045,20730.043025436717,400.8534313329315,85.73159798427095,449.54946650601806,454.9058027265853,441.5814994727921,462.8737697598113,436.22516325222483,468.23010598037854,428.25719621899884,-0.050276056912252044,-21.97199321792424,32.5830152973183,24.713962800664653,7.869052496653644,69.22508681559783,40.261843671345254,453.4652587890625,376.67339477539065,343.8097894287109,322.05725204467774,IGARASHI.BO,2023-11-23 11:08:12.118393
281,2022-09-14 00:00:00+05:30,432.51567553353874,459.11436008588015,431.1682686023918,449.5328369140625,8766,0.0,0.0,2022-09-14,370.7098983764648,59.40642452910036,430.1163229055652,311.30347384736444,489.5227474346656,251.8970493182641,48.07159200184856,191.3448980754469,206061,8280.634045206201,25534.534710538795,400.80560112601876,85.87786364426681,446.60515520077814,462.0420417991645,434.09595031567613,474.5512466842665,418.65906371728977,489.9881332826529,406.14985883218776,-0.05344952595730256,-20.543810366704477,32.505374510272986,22.746699676501244,9.758674833771742,70.23796986163224,39.58733452375159,455.24183959960936,370.7098983764648,340.6149523925781,321.25180587768557,IGARASHI.BO,2023-11-23 11:08:12.118393
282,2022-09-13 00:00:00+05:30,464.1047451462569,465.30244699467977,437.2066192386596,440.60009765625,5336,0.0,0.0,2022-09-13,364.66156616210935,57.07093097024437,421.7324971323537,307.590635191865,478.8034281025981,250.5197042216206,61.202503107214426,217.08461629390084,197295,4940.388640490886,29848.00987687194,400.52867954839354,86.92357101265917,447.7030546298631,458.19949002106665,430.10366226504647,475.7988823858833,419.60722687384293,486.29531777708684,402.0078345090263,-0.05353950565279222,-25.26572942075811,31.65789679890679,20.307030968058307,11.350865830848484,68.78114905861398,38.860940057112266,452.91632690429685,364.66156616210935,337.1266815185547,320.28067947387694,IGARASHI.BO,2023-11-23 11:08:12.118393
283,2022-09-12 00:00:00+05:30,459.7132242400541,474.6843451089737,455.1220744151541,460.661376953125,15884,0.0,0.0,2022-09-12,359.0024810791016,54.70717279700761,413.7096538761092,304.29530828209397,468.4168266731168,249.58813548508635,100.52745332344968,279.6476736553532,202631,15375.96508949575,36074.9151859672,400.3895757187162,87.04532090008685,463.4892654924176,471.8564565696811,452.2941858758615,483.0515361862372,443.926994798598,491.41872726350067,432.7319151820419,-0.044578230944213204,-14.309077284203152,30.97294288627694,17.469314510346184,13.503628375930756,76.60249075885295,37.6851509806263,437.78551025390624,359.0024810791016,333.8300402832031,319.5361155700684,IGARASHI.BO,2023-11-23 11:08:12.118393
284,2022-09-09 00:00:00+05:30,478.77644615944604,479.07585638615836,452.42724969114926,469.5941467285156,19667,0.0,0.0,2022-09-09,352.1631744384766,49.64531552158016,401.8084899600567,302.51785891689644,451.4538054816369,252.87254339531626,142.38802159225455,324.28780625787715,218515,19407.13814378395,41249.65271008506,399.7602525173156,89.10620532339466,467.03241760194106,481.63758551273287,454.98897881772376,493.68102429695017,440.38381090693196,508.286192207742,428.34037212271465,-0.0375725504173282,-9.430362941188484,27.650975250925626,14.093407416363494,13.557567834562132,80.38082285495432,35.180425413642226,417.4946533203125,352.1631744384766,330.34576171875,318.6468312072754,IGARASHI.BO,2023-11-23 11:08:12.118393
285,2022-09-08 00:00:00+05:30,465.10282251840374,486.8608393711431,450.6307389851058,455.82073974609375,135735,0.0,0.0,2022-09-08,345.2764587402344,41.359874452318444,386.6363331925528,303.91658428791595,427.9962076448713,262.5567098355975,202.49909175355972,356.8848013724309,198848,130012.95622360878,46710.28135166033,398.8456017040722,88.83787869400547,464.4374393674475,478.2441397497892,442.0140393637519,500.6675397534848,428.2073389814102,514.4742401358264,405.7839389777146,-0.054872462906760386,-16.952835800887982,22.099153372468777,10.704015457722958,11.395137914745819,78.88993637390762,32.48302864919785,396.5251098632813,345.2764587402344,326.6538830566406,317.83140396118165,IGARASHI.BO,2023-11-23 11:08:12.118393
286,2022-09-07 00:00:00+05:30,363.09956269182715,437.9052734375,363.09956269182715,437.9052734375,71989,0.0,0.0,2022-09-07,339.97169036865233,32.23196231504002,372.2036526836923,307.73972805361234,404.4356149987324,275.5077657385723,139.878592742584,246.81260181191442,63113,66244.07199265448,25884.612633673212,393.1835324077793,82.00812764818349,412.9700365222757,462.8405103527242,388.03479960705135,487.77574726794853,338.1643257766028,537.6462210983971,313.2290888613785,0.19354008692401187,-0.0,16.012775240403244,7.855230979036503,8.157544261366741,76.75539086942355,29.578139825950053,379.2384521484375,339.97169036865233,323.2254962158203,317.15321212768555,IGARASHI.BO,2023-11-23 11:08:12.118393
287,2022-09-06 00:00:00+05:30,356.262782636337,368.1897572365468,355.6639317140032,364.9460144042969,10250,0.0,0.0,2022-09-06,335.4653839111328,22.714384713204083,358.1797686243369,312.7509991979287,380.89415333754096,290.0366144847246,55.42235188640226,108.11607974637575,-8876,7860.554713050182,15794.747793927894,390.69525825792005,76.84891122093552,362.9332344516156,370.202537189228,357.67671166668435,375.45905997415923,350.40740892907195,382.72836271177164,345.1508861441407,-0.012681585716098034,-35.029155959307545,9.742151052614133,5.815844913694818,3.9263061389193155,62.370505998090415,27.127739605198318,368.499169921875,335.4653839111328,320.0496221923828,316.809874420166,IGARASHI.BO,2023-11-23 11:08:12.118393
288,2022-09-05 00:00:00+05:30,365.6945780852396,371.9824672129223,355.56412558148963,359.20709228515625,5566,0.0,0.0,2022-09-05,334.7592468261719,21.956544123823694,356.71579094999555,312.8027027023482,378.6723350738193,290.84615857852447,67.00248637349412,111.68977214639916,-19126,4201.349485067755,17778.296064147322,390.9008737959189,76.4736687336534,362.25122835985604,368.93833113822245,352.5199895067898,378.6695699912887,345.8328867284234,385.3566727696551,336.1016478753571,-0.0026962155848801444,-41.123477403375645,8.75162512526606,4.834268378964989,3.9173567463010706,60.588756417680976,26.399072013728063,359.546435546875,334.7592468261719,318.1013800048828,317.102310333252,IGARASHI.BO,2023-11-23 11:08:12.118393
289,2022-09-02 00:00:00+05:30,370.88458306194605,380.9651441251824,362.3510256771385,364.7464294433594,23691,0.0,0.0,2022-09-02,333.94581604003906,21.29452119552128,355.24033723556033,312.6512948445178,376.5348584310816,291.3567736489965,106.61946718882582,138.88055731124763,-13560,18158.298305367138,21172.532708917213,391.0389033660652,78.48943597052336,369.3541997485601,376.3573738199817,357.74325537193783,387.968318196604,350.74008130051624,394.9714922680256,339.12913692389395,-0.0403121774225299,-35.241100795307,7.916048273572585,3.8549291923897213,4.061119081182864,63.273826173383064,25.61435306906779,349.9449523925781,333.94581604003906,316.0922552490234,317.4431526184082,IGARASHI.BO,2023-11-23 11:08:12.118393
290,2022-09-01 00:00:00+05:30,387.15316858149913,397.93239357623384,368.13985780156935,369.387451171875,51864,0.0,0.0,2022-09-01,333.45176696777344,20.647094292195174,354.0988612599686,312.8046726755783,374.74595555216376,292.1575783833831,192.39073344059773,173.0796360887411,10131,40257.68993353857,21926.09130980473,391.5354908441338,83.3262198517332,378.48656751655943,388.8332772315495,359.04074145688503,408.2791032912239,348.69403174189495,418.625813006214,329.24820568222054,0.04864962537514775,-30.312670394039568,6.180775792209033,2.8396494220940056,3.3411263701150276,65.53244766262017,24.16888784127904,339.1956848144531,333.45176696777344,314.0142633056641,317.704149017334,IGARASHI.BO,2023-11-23 11:08:12.118393
291,2022-08-30 00:00:00+05:30,326.37042210577704,384.2088623046875,326.37042210577704,384.2088623046875,79242,0.0,0.0,2022-08-30,331.96962585449216,18.923724205167233,350.8933500596594,313.04590164932495,369.8170742648266,294.1221774441577,251.55773483550516,138.35026786963948,61995,63976.94690792478,17343.191653871272,392.4907493455247,73.43066155094277,364.929382238384,403.48834237099095,345.6499021720805,422.76782243729446,307.09094203947353,461.3267825699014,287.81146197317,0.2304618884960781,-0.0,3.4083827361063754,2.0043678295652483,1.4040149065411272,73.29169636386031,22.08572268974877,327.62799682617185,331.96962585449216,311.7376547241211,317.9616523742676,IGARASHI.BO,2023-11-23 11:08:12.118393
292,2022-08-29 00:00:00+05:30,310.4012229292044,323.37619366257945,305.1613309022644,320.1823425292969,11355,0.0,0.0,2022-08-29,329.59919891357424,14.484217826996222,344.08341674057044,315.11498108657804,358.5676345675667,300.6307632595818,-27.609111301429948,-8.379786970796486,-17247,7639.856842525274,5684.752840357893,393.07501483781715,52.784132255510855,316.2399556980469,327.3185804938294,309.1037177335144,334.45481845836196,298.02509293773187,345.53344325414446,290.88885497319933,-0.12839549980850015,-68.78562161931858,-1.6524470872278698,1.6533641029299664,-3.3058111901578364,49.124890359122645,20.27917731870743,312.6468933105469,329.59919891357424,309.4500674438477,318.02652725219724,IGARASHI.BO,2023-11-23 11:08:12.118393
293,2022-08-26 00:00:00+05:30,313.09604279389424,314.7927514935375,309.7524864868135,311.1996765136719,6261,0.0,0.0,2022-08-26,330.38268890380857,14.371396557230623,344.7540854610392,316.01129234657793,359.1254820182698,301.63989578934735,-75.60082444663392,-18.111033620472305,-28602,4094.33661429467,5195.976839816048,393.8194196746834,49.182137296004896,311.9149714980076,314.07745650920174,309.03719150247775,316.9552365047316,306.87470649128363,319.1177215159257,303.99692649575377,-0.1875341488149292,-85.8634132104996,-1.8011636697199833,2.4798169004694253,-4.280980570189408,42.32913798807647,21.487292182474473,311.379345703125,330.38268890380857,308.22742645263673,318.5105937194824,IGARASHI.BO,2023-11-23 11:08:12.118393
294,2022-08-25 00:00:00+05:30,312.7966138808537,318.0864282182246,310.30142705911936,311.0000915527344,8428,0.0,0.0,2022-08-25,332.00206604003904,13.91350678847408,345.9155728285131,318.08855925156496,359.8290796169872,304.1750524630909,-83.25044219992186,-12.141620855000452,-34863,5507.896215279735,5471.386896196392,394.28728205160286,58.17856894363894,313.12931561002614,315.9572041609329,308.17220300182765,320.9143167691314,305.3443144509209,323.7422053200382,300.3872018427224,-0.18041062780211725,-86.24286295979404,-1.07961910077006,3.550062043016777,-4.629681143786836,42.16938131740669,21.68406546631468,314.63307495117186,332.00206604003904,307.61660552978515,318.98318222045896,IGARASHI.BO,2023-11-23 11:08:12.118393
295,2022-08-24 00:00:00+05:30,304.4127832237102,315.2418998006461,303.7640407610636,311.54901123046875,5375,0.0,0.0,2022-08-24,333.65637359619143,13.23539408415921,346.89176768035065,320.4209795120322,360.1271617645099,307.185585427873,-142.2615602958278,-18.262804305551587,-26435,3518.888859746071,5462.259566425556,394.9270412584615,46.07498462640829,310.1849839307261,316.6059271003886,305.12806806080613,321.6628429703086,298.7071248911436,328.0837861399711,293.65020902122365,-0.13083368490847277,-85.86958368084072,-0.11980944284374573,4.7074823289634855,-4.827291771807231,42.46980268031178,21.94723209116398,317.5075256347656,333.65637359619143,306.9309280395508,319.3754252624512,IGARASHI.BO,2023-11-23 11:08:12.118393
296,2022-08-23 00:00:00+05:30,314.39353180952895,317.93668482575805,303.76404230201894,309.3033447265625,6866,0.0,0.0,2022-08-23,335.69494171142577,12.78327793074802,348.47821964217377,322.91166378067777,361.2614975729218,310.1283858499297,-189.72915239162162,-15.710842591914243,-31810,4462.611907807398,5948.102243095427,395.3375067643209,55.42090102826181,310.33469061811314,316.90533893420735,302.73269641046824,324.50733314185226,296.16204809437403,331.07798145794646,288.5600538867291,-0.13984135718209037,-90.20302122014996,1.056792794009823,5.9143052719152935,-4.857512477905471,40.86958276379198,21.856047446293132,320.73130493164064,335.69494171142577,306.2632162475586,319.75020248413085,IGARASHI.BO,2023-11-23 11:08:12.118393
297,2022-08-22 00:00:00+05:30,329.31476248482295,329.6640642659854,312.99623489760097,313.8446044921875,9719,0.0,0.0,2022-08-22,337.84080200195314,11.673895138432092,349.51469714038524,326.16690686352104,361.18859227881734,314.49301172508893,-107.66831274328813,9.168161396121995,-24944,6409.6889333911895,6319.474826917433,395.88196052902305,60.60118470472764,318.834967885258,324.673700872915,308.00587150453055,335.5027972536424,302.16713851687354,341.34153024129944,291.3380421361461,-0.13198313993313804,-98.20673784436269,2.768352316669109,7.128683391391661,-4.360331074722552,43.116657653746266,21.75784872044651,324.58387451171876,337.84080200195314,305.878957824707,320.1060160827637,IGARASHI.BO,2023-11-23 11:08:12.118393
298,2022-08-19 00:00:00+05:30,326.2207293499816,332.10936412474126,323.37621029726876,327.46832275390625,14822,0.0,0.0,2022-08-19,339.4452072143555,10.330068182331523,349.775275396687,329.115139032024,360.10534357901855,318.78507084969243,-50.73846161985764,33.937608573868104,-15225,10199.451304379172,6296.921300298994,396.62348830123597,61.90120026801694,327.65129905863876,331.92638782000876,323.19323399253625,336.38445288611126,318.91814523116625,340.65954164748126,314.46008016506374,-0.02965174245828681,-73.11108733228744,4.470477148055124,8.218766160072299,-3.7482890120171746,50.914944135865,22.422205355143497,327.2986328125,339.4452072143555,305.46775115966796,320.4997563171387,IGARASHI.BO,2023-11-23 11:08:12.118393
299,2022-08-18 00:00:00+05:30,329.1650165629065,329.3646436820001,323.82534140360434,325.3723449707031,2469,0.0,0.0,2022-08-18,339.06094818115236,10.924848084865431,349.9857962660178,328.1361000962869,360.9106443508832,317.2112520114215,-68.6842038926922,33.07451155438069,-30047,1688.116565841775,5321.288799278949,397.59010419904854,55.616961217213436,326.18744335210255,328.54954530060076,323.010243022205,331.7267456304983,320.64814107370677,334.08884757899654,317.4709407438092,-0.05197378041778622,-77.77780090323394,5.240248396583809,9.155838413076593,-3.915590016492784,49.610110917996266,24.104583412843446,326.58001708984375,339.06094818115236,304.7471408081055,320.7867027282715,IGARASHI.BO,2023-11-23 11:08:12.118393
300,2022-08-17 00:00:00+05:30,328.91550107418874,331.36079624203387,325.3723481171778,327.66790771484375,13515,0.0,0.0,2022-08-17,338.9586471557617,11.068411723593393,350.0270588793551,327.8902354321683,361.09547060294847,316.8218237085749,-69.17271522303474,40.252078596861864,-27578,9305.73460554781,6229.581857638243,397.75864302180463,57.09339364806913,328.1336840246851,330.89501993219244,324.9065718073364,334.1221321495412,322.14523589982906,336.8834680570485,318.9181236824803,-0.033090555579156106,-72.66670960403668,6.352813210142926,10.134735917199789,-3.7819227070568626,50.98859781259055,25.693705679924022,327.8775146484375,338.9586471557617,304.12733673095704,321.2178712463379,IGARASHI.BO,2023-11-23 11:08:12.118393
301,2022-08-16 00:00:00+05:30,330.76193861950804,331.11127084479364,322.6775277233946,328.5661926269531,7064,0.0,0.0,2022-08-16,338.15020751953125,12.441777331772967,350.59198485130423,325.70843018775827,363.03376218307716,313.26665285598534,-91.67919173581595,41.59550786468771,-14063,4877.241609978187,5460.543670660851,398.6656178815839,48.07868051612252,327.4516637317138,332.225799740033,323.7920566186339,335.88540685311284,319.0179206103147,340.65954286143204,315.35831349723486,0.01674244417422065,-70.66667008858394,7.454900417698923,11.080216593964005,-3.6253161762650823,51.50864476660804,27.564669190408146,332.28900756835935,338.15020751953125,303.31690093994143,321.5337623596191,IGARASHI.BO,2023-11-23 11:08:12.118393
302,2022-08-12 00:00:00+05:30,325.9212839330868,329.36465386153196,324.1247616410076,327.41839599609375,2377,0.0,0.0,2022-08-12,335.7897613525391,17.716048344220095,353.5058096967592,318.073713008319,371.22185804097927,300.3576646640989,-119.27606884206403,43.31532321349626,-21127,1635.4337758923455,5606.369185831516,399.1429614163451,42.4423203641946,326.9692704995444,329.8137793580812,324.5738871375568,332.2091627200688,321.72937827902,335.0536715786056,319.33399491703244,-0.0007855604676807864,-73.222249712015,8.664485519093887,11.986545638030274,-3.3220601189363865,50.914636973413316,29.554375164898467,336.1315979003906,335.7897613525391,302.5713394165039,321.833184967041,IGARASHI.BO,2023-11-23 11:08:12.118393
303,2022-08-11 00:00:00+05:30,315.391609086094,338.8463648250915,315.391609086094,323.875244140625,11605,0.0,0.0,2022-08-11,333.6588729858398,21.029186734687265,354.68805972052706,312.6296862511526,375.71724645521437,291.6004995164653,-164.11780905450362,44.11614002963471,-23504,7898.117722141933,6599.103038316308,399.30768632489907,46.92965202689792,326.0377393506035,336.683869615113,313.2291138761155,349.492495089601,302.582983611606,360.1386253541105,289.774358137118,-0.004196760729389189,-81.1111094987687,10.194881483478241,12.81706066776437,-2.6221791842861286,49.13357184048925,31.529437570681758,340.8125732421875,333.6588729858398,301.98147735595705,322.1785188293457,IGARASHI.BO,2023-11-23 11:08:12.118393
304,2022-08-10 00:00:00+05:30,349.8251770937353,349.8251770937353,320.38197388613133,331.8598327636719,11253,0.0,0.0,2022-08-10,331.56541137695314,23.937368087356322,355.50277946430947,307.6280432895968,379.4401475516658,283.69067520224047,-140.83565983741624,64.37941863834945,-11899,7847.362473580687,6274.349367359901,400.1630731734469,60.74931482838571,334.0223279145128,347.66268194289427,318.2194787352903,363.4655311221168,304.57912470690883,377.10588515049824,288.7762755276863,0.012883309443590923,-70.37040186952791,12.34873094662288,13.472605463835903,-1.1238745172130233,53.17213459615624,33.656427853832994,344.6252197265625,331.56541137695314,301.3656649780273,322.5423170471191,IGARASHI.BO,2023-11-23 11:08:12.118393
305,2022-08-08 00:00:00+05:30,356.3625630446102,356.3625630446102,348.4777789268739,349.7253723144531,1747,0.0,0.0,2022-08-08,329.09517669677734,26.334533255378584,355.4297099521559,302.76064344139877,381.7642432075345,276.4261101860202,106.29213884769993,107.47412216606368,-646,1283.8691124788722,5881.0960908047045,400.9224734559496,67.54490101579148,351.5219047619791,354.5660305970843,346.681246479348,359.40668887971543,343.63712064424277,362.45081471482064,338.79646236161165,0.02939082191159213,-24.6511779851999,14.13284795630915,13.753574093139157,0.3792738631699919,64.13367543469872,36.13148388283534,349.2263427734375,329.09517669677734,300.6041342163086,322.6995140075684,IGARASHI.BO,2023-11-23 11:08:12.118393
306,2022-08-05 00:00:00+05:30,351.5219244431961,351.77144312026854,344.8348117141253,347.7791442871094,2899,0.0,0.0,2022-08-05,325.8414535522461,27.63921587544043,353.4806694276865,298.2022376768057,381.119885303127,270.5630218013652,45.89198939244838,107.72112444385013,-2393,2118.6170078792084,7030.402835386161,401.0109951398696,69.9895018568998,348.12846637383444,351.4221210335436,344.48548962740034,355.0650977799777,341.1918349676912,358.35875243968684,337.5488582212571,0.027198474165297717,-25.66460161564746,14.443439354522809,13.658755627346657,0.7846837271761515,63.368488177342144,35.58550533609428,347.2301940917969,325.8414535522461,299.536194152832,322.76039657592776,IGARASHI.BO,2023-11-23 11:08:12.118393
307,2022-08-04 00:00:00+05:30,345.1841564902037,354.06701562482635,338.0978197122197,350.8232727050781,13125,0.0,0.0,2022-08-04,322.84722900390625,28.371583810233442,351.2188128141397,294.4756451936728,379.5903966243731,266.1040613834394,27.268314346196046,115.25110741005132,506,9675.83407230689,8258.3492922629,401.16416701812363,71.19209370083811,347.66270268070804,357.2275856491964,341.2583897365897,363.6318985933147,331.6935067681014,373.19678156180305,325.28919382398306,0.02982188584256672,-12.101890831246477,14.81392444501165,13.46258469555262,1.3513397494590311,65.3879366527648,35.28828196374748,345.0344299316406,322.84722900390625,298.3614602661133,322.94054885864256,IGARASHI.BO,2023-11-23 11:08:12.118393
308,2022-08-03 00:00:00+05:30,357.56026497712736,358.85774991703227,340.94232714183215,342.9384765625,18663,0.0,0.0,2022-08-03,319.7307388305664,28.559504049002495,348.2902428795689,291.1712347815639,376.8497469285714,262.6117307325614,34.171562590328485,125.1085166420611,-12619,13449.259547476293,7903.978097251902,401.82863553608104,68.06359980327755,347.5795178737881,354.2167086057441,336.301285830544,365.49494064898823,329.664095098588,372.1321313809442,318.38586305534386,-0.015246065228862642,-21.777216444562576,14.764003702352568,13.12474975818786,1.6392539441647074,62.512427888206545,34.96819525506631,342.0402038574219,319.7307388305664,296.87333099365236,323.0782829284668,IGARASHI.BO,2023-11-23 11:08:12.118393
309,2022-08-02 00:00:00+05:30,339.0958798950652,360.3049673057205,338.646734095781,354.8654479980469,18151,0.0,0.0,2022-08-02,317.09083099365233,28.741013879457128,345.83184487310945,288.3498171141952,374.5728587525666,259.60880323473805,93.73517847335576,147.25779105164588,6044,13535.209335217525,6517.657734695804,402.95507274429,79.2599123237777,351.27238313318276,363.8980321705845,342.23979896064503,372.9306163431222,329.6141499232433,385.55626538052394,320.5815657507056,0.10633684517952632,-6.816775245235088,15.252925951893701,12.714936272146684,2.5379896797470174,70.77890759657325,34.227879228403076,342.1699523925781,317.09083099365233,295.6257376098633,323.2414683532715,IGARASHI.BO,2023-11-23 11:08:12.118393
310,2022-08-01 00:00:00+05:30,342.04021903963866,351.2224881967235,335.75233002260705,339.74462890625,7715,0.0,0.0,2022-08-01,313.57511444091796,28.17200714093271,341.74712158185065,285.40310729998527,369.9191287227834,257.2311001590525,19.198394702020906,137.16401303043483,-12107,5507.940428770543,4763.269834565373,403.86664275859636,75.40368177654435,342.2398157085268,348.72730139444656,333.25714322033014,357.7099738826432,326.7696575344104,364.197459568563,317.7869850462137,0.02291236466405543,-25.76609603792007,14.47316367618572,12.080438852209928,2.392724823975792,65.39320625849712,33.43061581507344,340.014111328125,313.57511444091796,294.37515045166015,323.1621217346191,IGARASHI.BO,2023-11-23 11:08:12.118393
311,2022-07-29 00:00:00+05:30,337.1496252681984,345.3338500837707,332.4586924007358,336.8003234863281,6336,0.0,0.0,2022-07-29,310.9476821899414,28.05307448898035,339.0007566789218,282.89460770096105,367.0538311679021,254.84153321198073,10.864051631839116,139.32789488988698,-19822,4484.235092346901,4577.10218601408,404.38747091932186,73.03171739984982,338.1976219902782,343.9365515798206,331.0613938967857,351.0727796733131,325.3224643072433,356.8117092628555,318.1862362137508,0.06722685003881328,-29.09200313886482,14.744712890173219,11.48225764621598,3.2624552439572376,64.20191921566382,33.053689159702785,342.5292602539063,310.9476821899414,293.5976504516602,323.0663066101074,IGARASHI.BO,2023-11-23 11:08:12.118393
312,2022-07-28 00:00:00+05:30,348.1284491718756,348.2282627353591,331.9097350175599,335.8521423339844,3424,0.0,0.0,2022-07-28,307.8636306762695,28.449041883147824,336.3126725594173,279.4145887931217,364.76171444256516,250.96554690997385,29.60402621026617,156.43145498622548,-26158,2416.4765411061485,4600.318959430874,404.8413470890468,76.84974408933836,338.6633800289678,345.41702504037573,329.0984973225765,354.98190774676704,322.3448523111686,361.73555275817495,312.7799696047773,0.09387480453949439,-30.265579560057613,15.15894290413172,10.666643835226672,4.492299068905048,63.82831185579166,32.994082928598786,345.6133056640625,307.8636306762695,292.81615753173827,323.18407943725583,IGARASHI.BO,2023-11-23 11:08:12.118393
313,2022-07-27 00:00:00+05:30,350.9729660074122,350.9729660074122,341.14192401296907,343.58721923828125,969,0.0,0.0,2022-07-27,304.8594253540039,28.51027250225315,333.36969785625706,276.3491528517508,361.8799703585102,247.83888034949763,61.2705411613595,199.30058973287674,-22734,699.6188175200481,5146.279564012055,405.0926236210307,80.4432344479621,345.2340364195541,349.32614882613916,339.49510683169603,355.06507841399724,335.402994425111,359.1571908205823,329.6640648372529,0.09782388470185212,-20.69177201436115,15.55298337027699,9.543569068000409,6.009414302276582,69.30000340394383,32.92989160279448,347.6294189453125,304.8594253540039,292.1025338745117,323.41712997436525,IGARASHI.BO,2023-11-23 11:08:12.118393
314,2022-07-26 00:00:00+05:30,348.4278735844844,349.6754669226852,336.20145887011654,344.08624267578125,8111,0.0,0.0,2022-07-26,302.00243682861327,27.260718143473454,329.26315497208674,274.7417186851398,356.52387311556015,247.48100054166636,65.9588737415381,219.0177369579854,-21765,5864.654268627171,6257.944750635056,405.1560868226114,80.61219629554583,343.32105615619435,350.44065344227215,336.9666453897035,356.795064208763,329.8470481036257,363.9146614948408,323.49263733713485,0.10472057554022504,-20.074124069741114,15.06003543302046,8.041215492431263,7.0188199405891964,69.65820282098883,31.733575365705256,342.868603515625,302.00243682861327,291.3130569458008,323.5633479309082,IGARASHI.BO,2023-11-23 11:08:12.118393
315,2022-07-25 00:00:00+05:30,350.4739292251479,357.3107470979772,346.6313354900112,352.32037353515625,5704,0.0,0.0,2022-07-25,299.0481353759766,25.611735856571357,324.65987123254797,273.4363995194052,350.2716070891193,247.82466366283387,101.42206814060835,289.87531397233295,-13654,4222.969833333999,6356.267371137026,405.6881379870364,89.20376243270394,352.0874853743815,357.5436352587518,346.86422365078585,362.7668969823475,341.40807376641555,368.22304686671777,336.1848120428199,0.08879709382315197,-9.882630807412342,14.15158409249102,6.286510507283964,7.865073585207057,75.63337234662029,30.50268272552438,338.71661987304685,299.0481353759766,290.833981628418,323.7534812927246,IGARASHI.BO,2023-11-23 11:08:12.118393
316,2022-07-22 00:00:00+05:30,345.3338412966572,360.3049615840846,345.1841361855474,352.2205505371094,11423,0.0,0.0,2022-07-22,295.65218658447264,22.488834024876336,318.14102060934897,273.1633525595963,340.6298546342253,250.67451853471997,133.01861998756544,343.782376038355,-19358,8454.648815848866,6889.591755587782,406.01712573191423,96.51895394158858,352.5698827689138,359.95562935228025,344.83480395374306,367.690708167451,337.44905737037664,375.07645475081745,329.71397855520587,0.08066565540509059,-10.00618305954371,11.963136017443048,4.3202421109822,7.6428939064608485,75.60976705361375,27.798241719195122,330.5523681640625,295.65218658447264,289.90477447509767,323.8438069152832,IGARASHI.BO,2023-11-23 11:08:12.118393
317,2022-07-21 00:00:00+05:30,332.3588862721881,359.30690407804116,319.88295210281166,345.9327087402344,25818,0.0,0.0,2022-07-21,291.9967376708984,18.375572238482576,310.372309909381,273.62116543241586,328.7478821478636,255.24559319393327,149.9765287303059,347.90792208013437,-30781,18767.867489964872,6498.32749052251,406.68956158262176,95.9293800982448,341.70752164036236,363.53209117791306,324.10813920268356,381.13147361559186,302.28356966513286,402.95604315314256,284.68418722745406,0.11384244449228834,-15.82987799433088,8.989830731508334,2.4095186343669877,6.580312097141347,74.14694392281625,24.885766789302075,316.3797119140625,291.9967376708984,289.047428894043,323.83981491088866,IGARASHI.BO,2023-11-23 11:08:12.118393
318,2022-07-20 00:00:00+05:30,338.34733843185177,338.34733843185177,317.3877687944804,319.78314208984375,6032,0.0,0.0,2022-07-20,288.07679748535156,14.137657870560822,302.2144553559124,273.93913961479075,316.3521132264732,259.80148174422993,151.0886880470343,281.6082111544878,-56599,4053.382636656776,3430.9424906619183,408.4559245805631,92.82777342881569,325.17274977205864,332.9577307496369,311.9981611122655,346.13231940943,304.21318013468726,353.91730038700825,291.03859147489413,0.026067635736403458,-27.61693142140234,5.666146554034015,0.7644406100816508,4.901705943952364,66.35763907787451,21.775967510797397,304.1532958984375,288.07679748535156,288.0064370727539,324.1247651672363,IGARASHI.BO,2023-11-23 11:08:12.118393
319,2022-07-19 00:00:00+05:30,311.94824805081004,332.1592615518351,311.4991326927482,323.3263244628906,13260,0.0,0.0,2022-07-19,285.0251831054687,13.506461745995797,298.53164485146453,271.5187213594729,312.03810659746034,258.0122596134771,235.98569986589135,294.9970702524483,-50567,9009.1806179187,3275.3324541632037,409.0623448776134,86.8650304011503,322.328239569158,333.1573464455677,312.4972175864809,342.9883684282448,301.6681107100711,353.8174753046546,291.837088727394,0.10666913176166666,-14.47256916003171,3.900309033987469,-0.46098587590644025,4.361294909893909,68.96975459334543,19.082361374842662,296.5978698730469,285.0251831054687,287.83277252197263,324.5115190124512,IGARASHI.BO,2023-11-23 11:08:12.118393
320,2022-07-18 00:00:00+05:30,285.3994680935496,318.38582421855784,281.9560982499768,311.4991149902344,9994,0.0,0.0,2022-07-18,281.9012084960938,11.212062445621081,293.11327094171486,270.6891460504727,304.32533338733595,259.4770836048516,321.5762470014501,170.89468710373563,-63827,6541.794038516324,1841.8704132243292,410.37094672311855,78.41595944416652,303.94701248625637,325.93792672253596,289.5082007539549,340.37673845483744,267.5172865176753,362.36765269111703,253.07847478537383,0.07860773296182877,-14.572322757879206,1.2314565354612341,-1.5513096033799174,2.7827661388411515,64.65194174701682,16.421531296789833,288.4236328125,281.9012084960938,287.767897644043,324.91074874877927,IGARASHI.BO,2023-11-23 11:08:12.118393
321,2022-07-15 00:00:00+05:30,285.2497547667443,285.5990870251733,280.55882166112127,281.3572692871094,657,0.0,0.0,2022-07-15,279.10410385131837,10.387241014171423,289.4913448654898,268.71686283714695,299.8785858796612,258.3296218229755,-107.97385176146848,-7.209162445795717,-73821,388.44024048939787,666.8895069013307,411.5215817470639,66.64742814924185,282.505059324468,284.4512969878147,279.4110316237627,287.54532468852,277.464793960416,289.4915623518667,274.3707662597107,-0.11787663565182609,-58.83527209129575,-1.039340905276049,-2.247001138090205,1.2076602328141561,47.30506474973676,14.18110263510259,283.0539916992187,279.10410385131837,288.0383755493164,325.5609944152832,IGARASHI.BO,2023-11-23 11:08:12.118393
322,2022-07-14 00:00:00+05:30,281.35725867984974,288.99252422874787,280.5088890724559,284.8006286621094,607,0.0,0.0,2022-07-14,278.5277153015137,10.573795366138448,289.1015106676521,267.95391993537527,299.6753060337906,257.3801245692368,4.386005674758144,7.866070097062799,-73164,363.2706735706508,736.5018235043138,411.6212404768347,71.67742936149679,284.76734732110435,289.02580556975283,280.54217041346084,293.25098247739635,276.28371216481236,297.50944072604483,272.05853525716884,-0.0537730592347375,-44.97983302950585,-0.9623870532565206,-2.548916196293744,1.5865291430372235,49.90037988891371,14.420770845487588,284.36146850585936,278.5277153015137,289.20113250732425,326.6014872741699,IGARASHI.BO,2023-11-23 11:08:12.118393
323,2022-07-13 00:00:00+05:30,285.499273631666,290.53956945762224,281.0079372003834,282.0060119628906,408,0.0,0.0,2022-07-13,277.2401985168457,11.311764648359652,288.55196316520534,265.928433868486,299.863727813565,254.61666922012637,9.184469777152302,2.761742508745152,-73771,241.77936605432134,829.8096109877296,411.71101309677516,78.45872829461614,284.5178395402988,288.02774188021414,278.4961096229753,294.0494717975376,274.98620728305997,297.55937413745295,268.9644773657365,-0.12037628823533444,-55.1180207897529,-1.1883999076291616,-2.9455484820530495,1.757148574423888,47.74112665531691,14.678875072056048,285.10003662109375,277.2401985168457,290.3269607543945,327.68938858032226,IGARASHI.BO,2023-11-23 11:08:12.118393
324,2022-07-12 00:00:00+05:30,282.90428495719084,286.24781082400744,279.5108066214242,282.45513916015625,419,0.0,0.0,2022-07-12,277.17282943725587,11.2858698249757,288.45869926223156,265.8869596122802,299.74456908720725,254.60108978730446,-28.43537639787155,-15.25561746855581,-73363,248.69337056716887,976.8171722210816,411.7727562687094,80.2279119419292,282.7379188685293,285.96503111563436,279.2280269130511,289.4749230711125,276.000914665946,292.7020353182176,272.49102271046786,-0.11054666510384448,-34.56630044601964,-1.1845313885676205,-3.3848356256590217,2.200304237091401,48.05129528557296,14.885235236416072,286.7268981933594,277.17282943725587,291.4607736206055,328.793758392334,IGARASHI.BO,2023-11-23 11:08:12.118393
325,2022-07-11 00:00:00+05:30,286.5472452140994,292.835103481531,283.4033160803836,284.6509094238281,2075,0.0,0.0,2022-07-11,276.8858833312988,11.217245261642347,288.1031285929412,265.6686380696565,299.3203738545835,254.45139280801413,43.35990798651196,8.844436166917673,-72944,1241.1703183118423,1158.8481226345598,411.8360056279388,82.04614560516674,286.96310966191425,290.5229032434449,281.0911158422975,296.39489706306165,277.53132226076684,299.9546906445923,271.6593284411501,-0.12225079452031037,-27.649158202971236,-1.2058632905821014,-3.934911684931872,2.7290483943497708,49.51157978658601,15.59299871429101,287.14609375,276.8858833312988,292.94391265869143,329.9315635681152,IGARASHI.BO,2023-11-23 11:08:12.118393
326,2022-07-08 00:00:00+05:30,288.5433957698513,290.4397315680501,285.4493581734101,287.8946533203125,2323,0.0,0.0,2022-07-08,276.5615089416504,11.073765424672809,287.6352743663232,265.4877435169776,298.70903979099603,254.41397809230477,64.82392176573586,11.84900079031064,-70869,1405.3468147589333,1138.2675737152392,412.14481604618584,89.2915128358584,287.9279143539242,290.40647053443837,285.41609713979835,292.91828774856424,282.9375409592842,295.3968439290784,280.42572374515834,-0.12430299776739107,-19.731980161424225,-1.431154035180782,-4.6171737835193145,3.1860197483385324,51.658478900446305,15.832576810035754,287.6551086425781,276.5615089416504,294.45399993896484,331.21808181762697,IGARASHI.BO,2023-11-23 11:08:12.118393
327,2022-07-07 00:00:00+05:30,288.89272347065145,289.9406896835695,284.45127903551565,288.49346923828125,2045,0.0,0.0,2022-07-07,276.67129745483396,11.20217937553675,287.8734768303707,265.46911807929723,299.0756562059075,254.26693870376047,67.78719546198928,6.331073276354794,-68546,1239.7382565089424,1071.4977634543156,412.4834776159264,79.06473335052954,287.6284793191221,290.80567960272856,285.31626895467474,293.1178899671759,282.1390686710683,296.2950902507824,279.8268583066209,-0.13411966576007978,-15.99148950937116,-2.01736993231043,-5.413678720603947,3.396308788293517,52.04655635191356,16.347334068796044,285.10003662109375,276.67129745483396,295.88923126220703,332.5779588317871,IGARASHI.BO,2023-11-23 11:08:12.118393
328,2022-07-06 00:00:00+05:30,286.7468415666269,290.439730042796,280.6586104241962,290.14031982421875,1244,0.0,0.0,2022-07-06,276.9108375549316,11.515132367999138,288.42596992293073,265.3957051869325,299.9411022909299,253.88057281893333,65.38868412696915,1.4504044135870708,-66501,758.4538675934687,1029.4376401906588,412.78170194217694,71.63181437127507,287.0795534304036,293.50049643661106,283.71937681801126,296.8606730490034,277.2984338118038,303.28161605521086,273.93825719941145,-0.11881829131432332,-12.473306085711485,-2.7963120056732578,-6.2627559176773255,3.4664439120040678,53.0645122968803,16.953635018903316,282.55494995117186,276.9108375549316,297.394328918457,334.07107864379884,IGARASHI.BO,2023-11-23 11:08:12.118393
329,2022-07-05 00:00:00+05:30,286.3476393074722,293.2343489816702,282.3054487588063,284.5511169433594,3192,0.0,0.0,2022-07-05,276.97571182250977,11.596951980063878,288.57266380257363,265.3787598424459,300.1696157826375,253.781807862382,71.66365022919682,-4.619532403487731,-67745,1908.639387362925,1097.1835833399562,412.96140537621625,61.78899650125742,286.69697156127864,291.088494363751,280.15959414088707,297.6258717841426,275.7680713384147,302.01739458661496,269.2306939180231,-0.16908326191523676,-24.413576256436386,-3.91341536934101,-7.129366895678342,3.2159515263373324,49.98727730884697,17.606574503634224,281.8163757324219,276.97571182250977,298.75470489501953,335.6535261535644,IGARASHI.BO,2023-11-23 11:08:12.118393
330,2022-07-04 00:00:00+05:30,274.81986417415527,288.84280098665937,274.81986417415527,287.19598388671875,1004,0.0,0.0,2022-07-04,277.46726303100587,12.130998083267164,289.59826111427304,265.3362649477387,301.7292591975402,253.20526686447155,56.13634640423989,-26.476478265969632,-64553,605.9165009053017,894.3196323342138,413.4460212000006,61.83102160219059,283.61954968251115,292.419235190867,278.3962983783629,297.64248649501525,269.59661287000705,306.4421720033711,264.37336156585883,-0.08138716885082309,-18.763320478912238,-4.733900219871316,-7.933354777262675,3.199454557391359,51.46705361371177,18.1294756242959,281.90619506835935,277.46726303100587,300.30471466064455,337.3367790222168,IGARASHI.BO,2023-11-23 11:08:12.118393
331,2022-07-01 00:00:00+05:30,275.4686254601301,275.61833057785464,271.1269942931786,275.1192932128906,207,0.0,0.0,2022-07-01,277.464769744873,12.128898241058742,289.59366798593175,265.3358715038143,301.7225662269905,253.20697326275553,-0.5603919460334971,-80.55505995252021,-65557,119.67187541483102,966.4204151914419,413.5960642727399,58.42039026803816,273.9548726946413,276.78275109610405,272.291414811428,278.44620897931736,269.4635364099653,281.2740873807801,267.800078526752,-0.10523350989002922,-44.56287588735898,-5.973123019595164,-8.733218416610514,2.76009539701535,44.48422620326091,19.080394174236485,281.34727783203124,277.464769744873,301.88865936279296,338.94617477416995,IGARASHI.BO,2023-11-23 11:08:12.118393
332,2022-06-30 00:00:00+05:30,286.3476341250813,289.7410821174479,273.0732523912735,275.7680358886719,2213,0.0,0.0,2022-06-30,278.2732109069824,12.497590062748744,290.77080096973117,265.77562084423363,303.2683910324799,253.27803078148492,40.911311805039986,-56.99030774906183,-65350,1282.4074854707378,1178.1075501355945,413.6300036933415,54.3459715838703,279.52745679913113,285.98166120698875,269.3138314808144,296.1952865253055,262.85962707295676,302.6494909331631,252.64600175464,-0.17373539110110367,-43.17696040258843,-6.279830810158558,-9.423242265864351,3.1434114557057935,44.806329939078005,19.631047132890068,282.14573364257814,278.2732109069824,303.4346774291992,340.7646669006348,IGARASHI.BO,2023-11-23 11:08:12.118393
333,2022-06-29 00:00:00+05:30,283.6528516580912,289.09234068447313,281.35726149401626,286.44744873046875,404,0.0,0.0,2022-06-29,279.38107376098634,13.224750749970902,292.60582451095723,266.15632301101544,305.83057526092813,252.93157226104455,90.6297663552535,-32.58388630608168,-63137,243.17953748250434,1152.0325663018084,413.99218203845516,56.60559734971572,285.632350302986,289.9074391119558,282.1723599214989,293.3674294934429,277.89727111252915,297.64251830241267,274.43728073104205,-0.1334045376655917,-20.362423640566757,-6.641252096295375,-10.2090951297908,3.567843033495425,50.37105887965396,20.402444615373057,280.4989074707031,279.38107376098634,305.2421908569336,342.58864852905276,IGARASHI.BO,2023-11-23 11:08:12.118393
334,2022-06-28 00:00:00+05:30,284.9503220724124,295.9790351389717,284.05206094923756,285.0002136230469,952,0.0,0.0,2022-06-28,279.7129325866699,13.491981396402819,293.20491398307274,266.2209511902671,306.69689537947556,252.72896979386428,118.22855587640332,-25.076466967572525,-63541,570.1417420956235,1379.2458235066342,414.0533816724746,53.35127536498153,288.34376990375205,292.63547885826654,280.7085046685324,300.2707440934862,276.4167957140179,304.5624530480007,268.78153047879823,-0.151364692714514,-23.45416651545025,-8.055116188021884,-11.101055888164657,3.045939700142773,49.58164385131313,21.902890301350563,274.9595886230469,279.7129325866699,306.9479006958008,344.2214988708496,IGARASHI.BO,2023-11-23 11:08:12.118393
335,2022-06-27 00:00:00+05:30,284.9503266060792,292.4358868496715,281.4570651590695,284.4013977050781,1504,0.0,0.0,2022-06-27,280.1520866394043,13.81227581574123,293.96436245514553,266.339810823663,307.77663827088674,252.5275350079218,126.2047136050433,-37.878307572407984,-64493,898.8356042715201,1581.5218438593868,414.1994654117457,54.350817112697584,286.098116571273,290.73916798347653,279.76034629287454,297.076938261875,275.119294880671,301.7179896740785,268.78152460227255,-0.15136379043768805,-26.07325309708171,-9.60071272384954,-11.86254081320035,2.2618280893508107,49.27160216408352,23.236552523722736,270.1289123535156,280.1520866394043,309.00892486572263,345.8653282165527,IGARASHI.BO,2023-11-23 11:08:12.118393
336,2022-06-24 00:00:00+05:30,270.87745632981785,284.45127778242784,270.62793766509645,279.111572265625,6636,0.0,0.0,2022-06-24,280.74843521118163,14.255752559354526,295.00418777053613,266.4926826518271,309.2599403298907,252.23693009247256,72.55095795389748,-68.45810237846331,-65997,3892.1083786261947,1752.1934037563533,414.432001130552,58.601301381487545,278.06359590438313,285.4992541436698,271.67591402633843,291.8869360217145,264.24025578705175,299.3225942610012,257.85257390900705,-0.09695208414225365,-40.476207268803165,-11.37510501304331,-12.427997835538052,1.0528928224947425,46.58232131223835,25.013831131949058,264.3600372314453,280.74843521118163,311.08092803955077,347.60796646118166,IGARASHI.BO,2023-11-23 11:08:12.118393
337,2022-06-23 00:00:00+05:30,256.90441580930377,274.4705362190899,256.85452425897455,267.5339050292969,2783,0.0,0.0,2022-06-23,281.244979095459,14.368246025729055,295.613225121188,266.87673306972994,309.9814711469171,252.50848704400087,-35.94295941535265,-107.9619329852593,-72633,1564.5618617695798,1217.2146600388928,415.51017776683915,46.55318232204586,266.2863218357871,275.7181194125996,258.10210745248423,283.90233379590245,248.6703098756717,293.334131372715,240.48609549236886,-0.07507006252231825,-63.49208955699466,-12.953547104973381,-12.691221041161736,-0.2623260638116456,40.13089096894193,26.120938061633588,262.5036224365234,281.244979095459,313.5701266479492,349.34461654663085,IGARASHI.BO,2023-11-23 11:08:12.118393
338,2022-06-22 00:00:00+05:30,273.2728285492041,274.17112010639795,255.00807453328412,258.7508544921875,873,0.0,0.0,2022-06-22,281.6891242980957,14.056007813989932,295.7451321120856,267.63311648410576,309.80113992607556,253.57710867011582,-69.59597467873708,-119.2767665559273,-75416,474.67541729346925,1130.377859606221,416.0062890015319,35.639438478996055,262.64334971062317,270.2786248879622,251.1155793148484,281.806395283737,243.48030413750934,289.44167046107606,231.95253374173456,-0.03859243980359266,-82.43369062243461,-13.637940629624723,-12.625639525208824,-1.012301104415899,34.56713307555749,26.097802871327094,260.80690002441406,281.6891242980957,316.1032406616211,351.11719741821287,IGARASHI.BO,2023-11-23 11:08:12.118393
339,2022-06-21 00:00:00+05:30,259.3996117583383,267.38420946053463,258.8506828498415,260.8468322753906,986,0.0,0.0,2022-06-21,282.7795219421387,12.988233160283167,295.76775510242186,269.7912887818555,308.755988262705,256.80305562157235,-88.6788530735388,-121.7694103856415,-74543,540.4595389856755,1294.3034701844085,416.1718471886051,35.81563406252529,262.36057486192226,265.870466874003,257.3369402633099,270.8941014726154,253.82704825122914,274.4039934846961,248.80341365261677,-0.0792862667807191,-78.59101707130533,-13.44253886768837,-12.37256424910485,-1.0699746185835206,35.29562784079802,26.03404063630017,265.18845520019534,282.7795219421387,318.79404998779296,353.154766998291,IGARASHI.BO,2023-11-23 11:08:12.118393
340,2022-06-20 00:00:00+05:30,267.58384085060254,267.58384085060254,249.1693499229457,255.55702209472656,3022,0.0,0.0,2022-06-20,284.3539848327637,12.065383852639489,296.4193686854032,272.28860098012416,308.48475253804264,260.2232171274847,-147.81022877855685,-137.328733707965,-75529,1622.8672020922304,1482.7644529840918,416.3567594834598,31.83283370402566,257.43673762275824,265.7041253225708,247.28963439491395,275.85122855041504,239.02224669510142,284.1186162502276,228.87514346725712,-0.0722578170727886,-88.28912257348672,-13.195112622832482,-12.105070594458969,-1.0900420283735137,31.940545105930497,25.06908352382537,268.3623321533203,284.3539848327637,321.3940347290039,355.2841593933106,IGARASHI.BO,2023-11-23 11:08:12.118393
341,2022-06-17 00:00:00+05:30,261.34586343363213,271.6260205478738,254.3094338295671,269.8294982910156,2053,0.0,0.0,2022-06-17,286.61961517333987,10.529997456246406,297.1496126295863,276.08961771709346,307.6796100858327,265.55962026084705,-140.61564182192518,-119.00449043734125,-72507,1164.069953946793,1447.7387657070572,416.9456231878806,39.81651126216758,265.25498422281885,276.2005346160706,258.8839478977639,282.5715709411255,247.93839750451215,293.5171213343773,241.5673611794572,-0.06564849198960698,-68.5858509236899,-12.157439948779825,-11.83256008736559,-0.3248798614142352,36.70834511893604,24.0298989411602,272.88361206054685,286.61961517333987,324.1856500244141,357.5233401489258,IGARASHI.BO,2023-11-23 11:08:12.118393
342,2022-06-16 00:00:00+05:30,287.54534577341326,289.9407191166916,254.50906497334373,259.05029296875,3606,0.0,0.0,2022-06-16,288.0144241333008,10.024346249090552,298.03877038239136,277.9900778842102,308.0631166314819,267.9657316351197,-166.0934729786456,-115.23878355793613,-74560,1962.9557727857068,1518.6559686471232,417.3125386578308,48.3787070019297,267.8333590195951,281.1576530658465,245.7259989224986,303.265013162943,232.40170487624724,316.5893072091943,210.29434477915075,-0.14204918505444006,-90.77081165636787,-12.050323499835145,-11.75134012201203,-0.2989833778231148,29.306018325037,23.21207247128332,276.9357971191406,288.0144241333008,326.60298706054687,359.76501617431643,IGARASHI.BO,2023-11-23 11:08:12.118393
343,2022-06-15 00:00:00+05:30,277.3150738848469,287.94456382330105,274.4705547709109,280.65863037109375,3288,0.0,0.0,2022-06-15,290.0704574584961,7.7241175049148225,297.7945749634109,282.34633995358126,305.51869246832575,274.62222244866643,-91.50115905309667,-84.48230243118087,-70954,1939.14781339287,1407.5810176124774,418.0088869773454,57.862527996077226,281.0245829884352,287.57861120595953,274.1046021535694,294.4985920408254,267.55057393604505,301.0526202583497,260.6305931011792,-0.07912580802116911,-78.83953705749761,-10.669012923617174,-11.676594277556251,1.0075813539390772,37.461708179445736,22.342921738674594,283.7825927734375,290.0704574584961,328.79376098632815,362.09302520751953,IGARASHI.BO,2023-11-23 11:08:12.118393
344,2022-06-14 00:00:00+05:30,277.36495951941026,281.80640422172235,275.5185151894999,276.7162170410156,965,0.0,0.0,2022-06-14,291.2431945800781,7.995698081766286,299.23889266184443,283.2474964983118,307.2345907436107,275.25179841654557,-165.9875610198189,-93.85343173577502,-74242,561.1288906893312,1274.689318667379,418.5621487207536,47.264784262418246,278.01371215074596,280.508909111992,274.2210200797696,284.3016011829684,271.7258231185235,286.79679814421445,267.93313104754714,-0.14014782917585175,-74.9307710769323,-10.866958931211116,-11.92848961604102,1.0615306848299042,34.36951759655899,22.77869744564611,285.938427734375,291.2431945800781,330.3497589111328,364.41304962158205,IGARASHI.BO,2023-11-23 11:08:12.118393
345,2022-06-13 00:00:00+05:30,284.30157473572615,284.9004256271618,276.96571984798805,278.1634216308594,2358,0.0,0.0,2022-06-13,293.41400756835935,9.580686545623188,302.9946941139825,283.8333210227362,312.57538065960574,274.25263447711296,-229.43987571916998,-91.1783715475321,-73277,1378.3024404339658,1453.079425661891,418.7300396712772,42.69531641726699,280.00985570200305,283.05399155601805,275.1192857768443,287.9445614811768,272.0751499228293,290.9886973351918,267.1845799976706,-0.07310469143163478,-70.91415832365291,-10.56747093219542,-12.193872287248494,1.6264013550530745,34.960237646464805,22.49130142758279,289.47161254882815,293.41400756835935,331.8199224853516,366.93518432617185,IGARASHI.BO,2023-11-23 11:08:12.118393
346,2022-06-10 00:00:00+05:30,292.08657310867557,293.33416656160756,288.2939011952921,290.0904235839844,940,0.0,0.0,2022-06-10,294.79883728027346,9.25648911387452,304.055326394148,285.54234816639894,313.3118155080225,276.2858590525244,-79.40586565715597,-70.60500410401794,-70919,573.0096689035103,1471.7736719688723,419.13776432206896,41.88588759112371,290.57283044696135,292.8517596986306,287.81149433231514,295.6130958132768,285.5325650806459,297.89202506494604,282.7712289659997,-0.0460830830126652,-37.811618095748926,-10.166450068331244,-12.600472626011761,2.4340225576805175,40.244754897975284,22.288096996102865,291.2681518554688,294.79883728027346,333.2371887207031,369.41190643310546,IGARASHI.BO,2023-11-23 11:08:12.118393
347,2022-06-09 00:00:00+05:30,293.3840848069519,294.43205111042545,285.74878860601206,293.2842712402344,2137,0.0,0.0,2022-06-09,295.761979675293,9.730794184050636,305.49277385934363,286.03118549124235,315.22356804339427,276.3003913071917,-37.123861126932255,-71.8235451287188,-69979,1317.0249401328826,1696.4646727352128,419.2871539167786,44.728513436673666,291.1550369855573,296.5612853651025,287.8780228606891,299.83829948997067,282.4717744811439,305.2445478695159,279.1947603562757,-0.01649767515777242,-31.781852277357604,-10.673613699095824,-13.208978265431888,2.5353645663360638,41.814102992812685,22.981053924643845,291.5076904296875,295.761979675293,334.3330743408203,371.6535821533203,IGARASHI.BO,2023-11-23 11:08:12.118393
348,2022-06-08 00:00:00+05:30,296.8274023304183,296.8274023304183,289.9905847131262,291.43780517578125,1597,0.0,0.0,2022-06-08,295.7919219970703,9.723687588526714,305.515609585597,286.06823440854356,315.2392971741237,276.3445468200169,25.24687599720094,-71.40515046827558,-72116,978.0284949654682,1791.3246058857953,419.61963956903594,57.875682990612894,292.7519307397752,295.5132767664242,288.67645914913214,299.5887483570673,285.91511312248315,302.3500943837163,281.8396415318401,-0.055543113941848,-41.4514721562923,-11.475761015249361,-13.842819407015902,2.367058391766541,40.566026727304596,23.72731523230336,292.43589477539064,295.7919219970703,335.53176147460937,373.94017120361326,IGARASHI.BO,2023-11-23 11:08:12.118393
349,2022-06-07 00:00:00+05:30,284.4512857941327,299.47229764990794,284.0520620110983,294.38214111328125,4631,0.0,0.0,2022-06-07,296.7750274658203,10.240523942042639,307.0155514078629,286.5345035237777,317.2560753499056,276.293979581735,31.96213499553006,-74.5085345628659,-70519,2864.7514319563134,1994.6486336158769,419.87290537046795,50.77796041235861,292.6355002580958,301.2189385050933,285.7987028662837,308.05573589690545,277.2152646192862,316.63917414390295,270.37846722747406,-0.0513791581967022,-34.194359834589626,-12.147028557382384,-14.434584004957538,2.287555447575153,41.8920335283212,24.890344847877216,292.7652587890625,296.7750274658203,336.8262646484375,376.22975494384764,IGARASHI.BO,2023-11-23 11:08:12.118393
350,2022-06-06 00:00:00+05:30,291.63745454540555,292.4857937170443,283.5031209543582,287.1461181640625,1572,0.0,0.0,2022-06-06,298.06004943847654,11.463876396337804,309.52392583481435,286.59617304213873,320.98780223115216,275.1322966458009,-25.296865154768636,-87.18933732690064,-75150,948.541192335214,1777.1229340307675,420.5960533246102,40.06451786126944,287.7116776118217,291.9202342692852,282.9375615065991,296.6943503745078,278.7290048491356,300.90290703197127,273.954888743913,-0.10118669589221545,-66.92109351534457,-13.112381017179473,-15.006472866851325,1.8940918496718524,37.197800022587636,26.14283828003368,292.64548950195314,298.06004943847654,338.30840576171875,378.4958834838867,IGARASHI.BO,2023-11-23 11:08:12.118393
351,2022-06-03 00:00:00+05:30,298.12493445703194,303.7141285858941,289.9407094759039,291.2881164550781,4329,0.0,0.0,2022-06-03,299.9538940429687,12.634837367858013,312.58873141082677,287.3190566751107,325.22356877868475,274.6842193072527,40.02170996130498,-77.47383336764575,-73578,2649.7875642999998,1984.2683694546558,420.85760763707447,50.16648937825792,294.9809848389587,300.02126020201354,286.2478410920233,308.75440394894895,281.20756572896846,313.7946793120038,272.47442198203305,-0.13279584212241574,-59.881245873857665,-13.43701363332724,-15.479995829269287,2.042982195942047,38.864908070352826,26.79955729596701,294.4819396972656,299.9538940429687,339.75062377929686,380.5698825073242,IGARASHI.BO,2023-11-23 11:08:12.118393
352,2022-06-02 00:00:00+05:30,291.48769907785623,299.4224049937186,290.43973284390705,297.92529296875,859,0.0,0.0,2022-06-02,302.36424407958987,15.226984481357015,317.5912285609469,287.13725959823284,332.8182130423039,271.9102751168758,43.28327718400961,-79.73435737094754,-69249,537.7757856344828,1817.8885707433196,421.5607312650046,51.246538516540284,295.9291436021252,301.4185543603433,292.43588221053176,304.91181575193673,286.94647145231363,310.40122651015486,283.4532100607202,-0.07409719618892091,-48.60052865887104,-14.056974713975137,-15.990741378254798,1.933766664279661,41.64454222954228,27.99032644124889,294.0328063964844,302.36424407958987,341.09503051757815,382.5929797363281,IGARASHI.BO,2023-11-23 11:08:12.118393
353,2022-06-01 00:00:00+05:30,296.77751376324875,298.7237411242742,291.0385843228215,293.0846252441406,1987,0.0,0.0,2022-06-01,304.52258148193357,17.460224923524866,321.98280640545846,287.0623565584087,339.4430313289833,269.60213163488385,21.71728479513657,-87.23745112042438,-70108,1223.746910066642,2137.916767020529,421.69400525179367,54.883151286458066,294.2823168970788,297.526049471336,289.8408926698833,301.9674736985315,286.59716009562607,305.21120627278873,282.1557358684306,-0.09404846607547375,-56.827852976756546,-15.291389622151542,-16.47418304432471,1.1827934221731695,38.67592933399986,28.8482356980733,289.7311096191406,304.52258148193357,342.37556030273436,384.6295510864258,IGARASHI.BO,2023-11-23 11:08:12.118393
354,2022-05-31 00:00:00+05:30,294.18251846684086,302.71604498693006,290.09040609614823,293.7832946777344,2490,0.0,0.0,2022-05-31,306.8031829833984,18.81397471318835,325.6171576965868,287.98920827021004,344.4311324097751,269.1752335570217,15.35923479348652,-90.09852309452663,-68121,1537.1885771576253,2366.4592312590007,422.0154927023373,53.141676360770795,295.5299152536042,300.9694244110602,288.34378552027835,308.15555414438603,282.9042763628224,313.595063301842,275.7181466294965,-0.22729366806662166,-55.640376300357936,-16.163394620769566,-16.769881399868,0.6064867790984358,38.94197615318129,29.704285869417504,287.2259460449219,306.8031829833984,343.7189691162109,386.52489501953124,IGARASHI.BO,2023-11-23 11:08:12.118393
355,2022-05-30 00:00:00+05:30,290.489626116865,298.9233694243875,288.6931038597799,296.328369140625,3551,0.0,0.0,2022-05-30,309.9446228027344,21.569208310418297,331.51383111315266,288.3754144923161,353.083039423571,266.8062061818978,-8.835683220829491,-97.64225258821729,-65631,2211.182597179298,2573.776894784344,422.4184439593193,46.75533950580833,294.64828080826413,300.60345775674836,290.3731921921408,304.8785463728717,284.41801524365655,310.83372332135593,280.1429266275332,-0.2264619525951302,-51.31470178382021,-17.103733697751636,-16.92150309464261,-0.1822306031090264,39.86969785148463,30.626186053942032,286.93650512695314,309.9446228027344,344.7948937988281,388.42273406982423,IGARASHI.BO,2023-11-23 11:08:12.118393
356,2022-05-27 00:00:00+05:30,281.45707585757185,289.4416737542406,279.8601501864734,289.0424499511719,3142,0.0,0.0,2022-05-27,313.13596801757814,24.03002243181336,337.1659904493915,289.1059455857648,361.19601288120487,265.0759231539514,-69.63432964250794,-122.24964720848408,-69182,1908.3960759286033,2664.425469185606,422.9860385474797,41.2402778271382,286.11475796396195,292.3693657414505,282.7878421736833,295.69628153172914,276.53323439619476,301.9508893092177,273.2063186059161,-0.24268378928102716,-68.4132917339576,-18.29915646011557,-16.87594544386535,-1.4232110162502174,35.810238925441624,31.287288793774856,287.8447570800781,313.13596801757814,345.98459899902343,390.2636831665039,IGARASHI.BO,2023-11-23 11:08:12.118393
357,2022-05-26 00:00:00+05:30,278.26322296831137,279.1115925818805,267.6836551811037,276.41680908203125,4267,0.0,0.0,2022-05-26,316.6666564941406,25.449349639669787,342.1160061338104,291.21730685447085,367.5653557734802,265.7679572148011,-172.8308686974901,-158.41598140814617,-72324,2478.49357016057,2853.4328174998564,423.52167243008927,35.90343779800715,274.4040189483385,281.1243827155733,269.6964453147965,285.8319563491153,262.9760815475617,292.5523201163501,258.2685079140197,-0.2724461215534605,-87.6062243528632,-18.834847251451833,-16.520142689802796,-2.3147045616490374,27.989218332040068,31.12679809497644,289.58140258789064,316.6666564941406,347.5196374511719,392.181982421875,IGARASHI.BO,2023-11-23 11:08:12.118393
358,2022-05-25 00:00:00+05:30,288.7430017285127,288.7430017285127,278.462844388039,280.5588073730469,4762,0.0,0.0,2022-05-25,321.0332336425781,25.671010133782023,346.70424377636016,295.3622235087961,372.3752539101422,269.69121337501406,-173.1427852864863,-155.134086894037,-68057,2807.4627475887396,2947.1676293346777,424.3249295645632,35.29562197506715,282.5882178298662,286.7135912716934,276.4334339312197,292.8683751703399,272.3080604893925,296.9937486121671,266.15327659074603,-0.3108112241639457,-96.76673537932918,-17.991882993376805,-15.941466549390537,-2.0504164439862684,29.067204642387864,29.889198995997273,294.3322326660156,321.0332336425781,349.2832348632812,394.1985922241211,IGARASHI.BO,2023-11-23 11:08:12.118393
359,2022-05-24 00:00:00+05:30,297.9253148160709,299.1729082616994,286.74686535971034,292.3360900878906,2991,0.0,0.0,2022-05-24,324.91324920654296,25.08939407384858,350.00264328039157,299.82385513269435,375.0920373542401,274.7344610588458,-120.93458071523892,-143.94399434184152,-63295,1837.3823982913111,2982.093849771162,425.2063954427545,36.06366044818004,292.7519545697668,298.7570437798232,286.3310008778342,305.1779974717558,280.32591166777775,311.18308668181226,273.90495797584515,-0.28793396379940145,-90.88689073213457,-17.047953085662925,-15.428862438393969,-1.6190906472689566,32.36022380778786,29.010356076843706,299.04314575195315,324.91324920654296,350.85719909667966,396.20572052001955,IGARASHI.BO,2023-11-23 11:08:12.118393
360,2022-05-23 00:00:00+05:30,302.0174087134111,305.211229461215,298.87347951681414,300.86962890625,1204,0.0,0.0,2022-05-23,328.3990249633789,25.167909542247465,353.56693450562636,303.23111542113145,378.7348440478738,278.063205878884,-55.39609880891113,-133.15674435854731,-60304,761.2118523234576,3268.2717126411244,425.72006000863314,28.55559917389961,301.65144596142636,304.4294124060386,298.0916624616377,307.9891959058272,295.3136960170255,310.76716235043943,291.75391251723687,-0.29636773108686004,-84.3887118574599,-16.741018348678097,-15.024089776576728,-1.7169285721013683,35.02850536347289,28.455311526490647,304.6024230957031,328.3990249633789,351.94909301757815,398.1494708251953,IGARASHI.BO,2023-11-23 11:08:12.118393
361,2022-05-20 00:00:00+05:30,305.95979394953224,308.2553840862062,292.93493100653586,297.7256774902344,9073,0.0,0.0,2022-05-20,331.6752044677734,25.655689667190874,357.3308941349643,306.01951480058256,382.98658380215517,280.3638251333917,-82.26565313506994,-150.7719688797105,-61508,5676.333552802281,3895.036677720541,425.9146534348195,26.422983393168607,299.6386641943255,306.3423973821151,291.02194430244475,314.95911727399584,284.3182111146551,321.66285046178547,275.7014912227744,-0.2556545789648132,-88.33857586353137,-16.934821359214993,-14.594857633551385,-2.3399637256636083,33.14418269153521,28.51297196254453,305.6005004882812,331.6752044677734,352.5349627685547,399.9634716796875,IGARASHI.BO,2023-11-23 11:08:12.118393
362,2022-05-19 00:00:00+05:30,296.82740320887723,303.7640344059886,294.7314402928649,300.17095947265625,4808,0.0,0.0,2022-05-19,334.40993041992186,24.745317076180932,359.1552474961028,309.66461334374094,383.9005645722837,284.91929626756,-90.87217024582652,-165.71568944680456,-52435,3032.7306252229278,3449.712458950106,427.43815994148264,20.660718860311732,299.5554780571699,304.37951582147497,295.34692170835126,308.58807217029363,290.5228839440462,313.4121099345987,286.31432759522755,-0.26674205399227635,-85.26647645453234,-16.616728159624927,-14.009866702135481,-2.6068614574894458,33.85558369693341,28.575067816756402,307.9260192871094,334.40993041992186,353.55200134277345,401.8084127807617,IGARASHI.BO,2023-11-23 11:08:12.118393
363,2022-05-18 00:00:00+05:30,325.77157548391193,326.52013150775315,300.62011135814225,304.1133728027344,5976,0.0,0.0,2022-05-18,337.7085678100586,24.33471520295184,362.0432830130104,313.37385260710676,386.3779982159623,289.03913740415487,-43.44652128527234,-148.32791545382022,-47627,3818.9749625842555,3553.9579173819,428.24477725394877,21.557672154671778,310.4178718895433,320.2156324209443,294.3156122713334,336.3178920391542,284.5178517399324,346.1156525705552,268.4155921217225,-0.3125900463728545,-80.3134748177365,-16.19852708933348,-13.35815133776312,-2.8403757515703614,34.97664873859286,28.204138722651486,306.6684509277344,337.7085678100586,354.7317260742187,403.64337341308595,IGARASHI.BO,2023-11-23 11:08:12.118393
364,2022-05-17 00:00:00+05:30,307.40702371456064,325.7715930654838,307.40702371456064,320.1324768066406,8148,0.0,0.0,2022-05-17,341.0895462036133,24.117900580062436,365.2074467836757,316.97164562355084,389.32534736373816,292.8537450434884,-20.06667651514439,-137.66140914268775,-41651,5481.273333811307,3487.7036560813112,429.230406581968,25.182901164642658,317.770364528895,328.1337053432294,309.76913599230625,336.13493387981816,299.40579517797187,346.49827469415254,291.4045666413831,-0.329834872445796,-61.97604232888315,-15.805938742614387,-12.648057399870527,-3.1578813427438597,39.97426094949103,28.09860597685016,308.0657592773438,341.0895462036133,355.81363891601563,405.56566497802737,IGARASHI.BO,2023-11-23 11:08:12.118393
365,2022-05-16 00:00:00+05:30,308.005870465658,311.34942693218795,299.4224216207646,305.8600158691406,2996,0.0,0.0,2022-05-16,344.4854934692383,25.738931514427602,370.22442498366587,318.7465619548107,395.9633564980935,293.0076304403831,-80.351868956927,-194.32029691113283,-49799,1925.5962000556387,2989.311236648812,430.4244393483387,14.067074926511026,305.5439548073644,311.6654879939642,299.73848268254085,317.47096011878773,293.61694949594107,323.5924933053875,287.8114773711175,-0.4116282123629765,-79.10178089249725,-16.641461802993376,-11.858587064184562,-4.782874738808815,31.92935434819509,28.339327673382535,308.0557800292969,344.4854934692383,356.67298095703126,407.5348663330078,IGARASHI.BO,2023-11-23 11:08:12.118393
366,2022-05-13 00:00:00+05:30,299.1728971622149,315.14209267379266,297.62589353056006,309.353271484375,5231,0.0,0.0,2022-05-13,348.59257049560546,25.804648595314465,374.3972190909199,322.787921900291,400.2018676862344,296.98327330497654,-90.34743381161466,-208.01094991809816,-46803,3400.4793170986613,3255.239995797105,430.92774963241027,14.325574801162787,307.37375256290926,317.12161159525846,299.60541245202586,324.88995170614186,289.85755341967666,334.63781073849105,282.08921330879326,-0.43751331256597786,-74.91017142414023,-16.053419995497677,-10.662868379482356,-5.390551616015321,32.9316926223954,27.17382011754964,311.88837890625,348.59257049560546,357.78283935546875,409.70368255615233,IGARASHI.BO,2023-11-23 11:08:12.118393
367,2022-05-12 00:00:00+05:30,305.56057379090765,305.81009247446366,288.44359819073105,293.88311767578125,3984,0.0,0.0,2022-05-12,353.30348205566406,26.84342959571807,380.14691165138214,326.460052459946,406.9903412471002,299.6166228642279,-158.34986578193457,-275.4885256250326,-52034,2460.3374239164,3218.930165471716,431.79152701127936,16.1477704928796,296.0456027803253,303.6476073699195,286.2811130861869,313.4120970640579,278.6791084965927,321.0141016536521,268.9146188024543,-0.4470602488337541,-93.47303951150474,-15.401347401105795,-9.315230475478526,-6.08611692562727,22.979712068368116,25.91865813434498,317.916748046875,353.30348205566406,358.6322009277344,411.8370669555664,IGARASHI.BO,2023-11-23 11:08:12.118393
368,2022-05-11 00:00:00+05:30,323.2265167803577,323.3263303480184,301.96750613925474,311.09991455078125,5517,0.0,0.0,2022-05-11,358.31880645751954,24.418123515454898,382.73692997297445,333.90068294206463,407.15505348842936,309.4825594266097,-145.83137441259407,-234.70632785573233,-48050,3606.646521396909,3408.5783508605446,432.541837831108,15.851983699908672,312.13125034601813,322.29499455278153,300.93617034401785,333.4900745547818,290.77242613725446,343.6538187615452,279.5773461352542,-0.4184740471892912,-87.70158289608098,-12.809567380150042,-7.793701244071706,-5.015866136078336,27.142679817636107,23.57195771979083,327.35853271484376,358.31880645751954,360.24309326171874,414.10918365478517,IGARASHI.BO,2023-11-23 11:08:12.118393
369,2022-05-10 00:00:00+05:30,335.3032203164495,335.3032203164495,317.088356353283,320.08258056640625,3540,0.0,0.0,2022-05-10,362.42837677001955,22.92359392212817,385.35197069214775,339.50478284789136,408.2755646142759,316.58118892576323,-135.17990705227868,-197.84448546484163,-42533,2381.036243991325,3359.0613082264526,433.46374496925,15.939451061577344,324.1580524120463,331.22774847080956,313.0128845076431,342.37291637521275,305.9431884488798,349.442612433976,294.7980205444766,-0.4456749035478146,-95.27558928514557,-10.992812842825742,-6.539734710052121,-4.453078132773621,29.75269662355383,21.507471925384593,332.877880859375,362.42837677001955,361.19026550292966,416.2720114135742,IGARASHI.BO,2023-11-23 11:08:12.118393
370,2022-05-09 00:00:00+05:30,330.5124209399225,338.14768607507165,323.3761931398657,325.02301025390625,4083,0.0,0.0,2022-05-09,365.96655120849607,21.457862300132245,387.42441350862833,344.5086889083638,408.88227580876054,323.0508266082316,-152.8097351182975,-181.6438359328208,-38993,2788.6511735314693,3603.5675742852345,434.0187288286683,14.290531029271705,328.8489631562812,334.32173317269667,319.5502402374907,343.62045609148714,314.0774702210752,349.09322610790264,304.7787473022847,-0.42006293760433705,-97.42188527590807,-9.38491523456554,-5.4264651768587155,-3.9584500577068242,31.28963705150761,19.922390545181884,340.18378295898435,365.96655120849607,362.0535998535156,418.3070852661133,IGARASHI.BO,2023-11-23 11:08:12.118393
371,2022-05-06 00:00:00+05:30,339.3454120680583,343.2878194800256,332.3588888784218,339.4951171875,4492,0.0,0.0,2022-05-06,369.4722900390625,20.10124450744707,389.57353454650956,349.37104553161544,409.6747790539566,329.2698010241684,-151.1449883287837,-135.20406461726762,-34910,3204.601151926593,3807.2966744736755,434.6375765951804,21.72060963227571,338.38060851531577,344.40232815220975,333.47339755060597,349.30953911691955,327.451677913712,355.33125875381353,322.5444669490022,-0.43556807170396084,-90.25222103866027,-7.670680838144335,-4.436852662432009,-3.2338281757123264,36.404618783870696,18.522914642496872,347.2102355957031,369.4722900390625,363.08361328125,420.3701058959961,IGARASHI.BO,2023-11-23 11:08:12.118393
372,2022-05-05 00:00:00+05:30,346.681265628787,348.07856416737155,338.5968541757155,341.092041015625,2646,0.0,0.0,2022-05-05,372.0323516845703,19.32804358117143,391.3603952657417,352.7043081033989,410.6884388469132,333.3762645222274,-202.15588845484135,-117.67185009328182,-30418,1896.540538224984,3957.9705551104457,435.2356168894559,21.393566476449962,342.5891531195707,346.5814520634259,337.09974207176987,352.07086311122674,333.1074431279147,356.06316205508193,327.61803208011384,-0.38473898286077013,-94.03199635777162,-6.7850021674263985,-3.628395618503927,-3.1566065489224715,37.026085871449055,17.49590790138165,351.2424560546875,372.0323516845703,364.0018420410156,422.14368438720703,IGARASHI.BO,2023-11-23 11:08:12.118393
373,2022-05-04 00:00:00+05:30,354.1668131114099,368.04004533885933,336.9999161012276,338.6966552734375,17770,0.0,0.0,2022-05-04,373.4071990966797,17.939433067990127,391.3466321646698,355.46776602868954,409.28606523265995,337.5283329606994,-204.31864602700173,-95.13549817193004,-33064,12647.33552302077,4473.328059331811,435.58548781672175,28.8177986297475,347.9122055711748,358.824495041122,327.7843658034903,378.95233480880654,316.8720763335431,389.86462427875375,296.74423656585856,-0.34693400332770585,-97.7468361598945,-5.705534819543459,-2.8392439812733086,-2.8662908382701504,35.492245565967295,16.754436120944657,355.7737182617187,373.4071990966797,365.05181640625,423.6732336425781,IGARASHI.BO,2023-11-23 11:08:12.118393
374,2022-04-29 00:00:00+05:30,362.89998017787303,366.4431333078905,351.9710496328394,356.6120910644531,2919,0.0,0.0,2022-04-29,374.3952926635742,16.405641352976527,390.80093401655074,357.98965131059765,407.20657536952723,341.58400995762116,-73.38332948428571,-41.46796927891002,-15294,2187.413375925743,2429.826193409571,438.06556547862937,35.27591546743356,358.342091335061,364.7131330372826,350.24104936223154,372.8141750101121,343.87000766000995,379.18521671233367,335.76896568718047,-0.23577197584867732,-87.73586637363489,-4.001132803787925,-2.1226712717057707,-1.8784615320821545,42.70378351441072,15.955928049704822,359.6662109375,374.3952926635742,366.1267431640625,425.45829040527343,IGARASHI.BO,2023-11-23 11:08:12.118393
375,2022-04-28 00:00:00+05:30,362.1015008912461,362.80016538776437,356.3126796242968,360.1552734375,2273,0.0,0.0,2022-04-28,374.0759078979492,16.82683658807583,390.90274448602503,357.2490713098734,407.72958107410085,340.42223472179757,-60.342189668996106,-34.29224088149851,-12375,1720.2434716271998,2490.429397780528,438.4095015928361,41.23306893162753,359.75603948318707,363.19939934207736,356.71191357860977,366.24352524665466,353.2685537197195,369.68688510554495,350.2244278151422,-0.24755415985871634,-82.15407686808521,-3.522757493279812,-1.6530558886852318,-1.8697016045945802,44.35702936812988,16.038512966017283,360.7541137695313,374.0759078979492,366.9192144775391,426.94741790771485,IGARASHI.BO,2023-11-23 11:08:12.118393
376,2022-04-27 00:00:00+05:30,361.6523688560345,362.3011113106942,353.967181584097,359.6562194824219,1200,0.0,0.0,2022-04-27,373.5194808959961,17.482609435529195,391.00209033152527,356.0368714604669,408.48469976705445,338.5542620249377,-74.20637038279114,-40.39319407723897,-14648,906.9211403424284,2682.97587931886,438.6676513006803,34.98471665366942,358.64150412573764,363.3158266673783,354.9818969407811,366.97543385233485,350.30757439914044,371.6497563939755,346.6479672141839,-0.23786287577056897,-82.94026674934801,-3.2058667992433243,-1.1856304875365866,-2.0202363117067375,44.07305821956047,16.437998386006917,362.0017028808594,373.5194808959961,367.98216369628904,428.37965515136716,IGARASHI.BO,2023-11-23 11:08:12.118393
377,2022-04-26 00:00:00+05:30,363.94794872396665,371.7828415435622,360.6043922451658,363.74835205078125,1376,0.0,0.0,2022-04-26,372.78090515136716,18.387698312360104,391.16860346372727,354.39320683900706,409.55630177608737,336.00550852664696,-45.50670835175336,-3.4371883583715004,-13448,1051.7685316802904,3126.9895640629675,438.805496799661,49.110438880991374,365.37852861316975,370.1526649811737,358.9742156827773,376.55697791156615,354.20007931477335,381.3311142795701,347.7957663843809,-0.2718952416635776,-77.90094037578503,-2.7024276908595084,-0.6805714096099021,-2.0218562812496064,45.85042004998232,16.824828421132448,360.55449829101565,372.78090515136716,369.26668640136717,429.72306396484373,IGARASHI.BO,2023-11-23 11:08:12.118393
378,2022-04-25 00:00:00+05:30,359.805935845308,365.6945705898466,352.1706703442388,358.15911865234375,4172,0.0,0.0,2022-04-25,372.2544189453125,18.80592495574434,391.06034390105685,353.4484939895682,409.8662688568012,334.64256903382386,-85.96295568950717,-40.48834494655588,-14824,3139.937596344988,3645.7948221586366,438.95595004632787,53.41958106004654,358.67478652880965,365.1789027133805,351.6550024677727,372.19868677441747,345.1508862832018,378.70280295898834,338.1311022221649,-0.2694552708345538,-86.17886361489862,-2.419940256693451,-0.1751073392975005,-2.2448329173959505,42.929510730073005,17.698345033580544,361.0335693359375,372.2544189453125,370.7478283691406,430.80847015380857,IGARASHI.BO,2023-11-23 11:08:12.118393
379,2022-04-22 00:00:00+05:30,365.1955345055739,365.4949751973183,360.7041982588179,362.0516052246094,1488,0.0,0.0,2022-04-22,372.1546112060547,18.889779553291028,391.04439075934573,353.2648316527637,409.93417031263675,334.37505209947267,-84.11315765650879,-17.687206423897234,-10652,1132.0721670838657,3772.2591286120487,439.4500072789745,58.28341256013297,362.7502595602485,364.7963208616791,360.00554392317866,367.5410364987489,357.95948262174807,369.5870978001795,355.21476698467825,-0.29755686501100204,-80.41390395808719,-1.471150172851651,0.3861008900514871,-1.857251062903138,44.47989682134091,18.147637947113562,363.7483337402344,372.1546112060547,372.5523474121094,431.95675506591795,IGARASHI.BO,2023-11-23 11:08:12.118393
380,2022-04-21 00:00:00+05:30,355.2147704594634,371.28377880600374,355.2147704594634,366.3932189941406,5633,0.0,0.0,2022-04-21,372.4764907836914,18.762987170560574,391.239477954252,353.71350361313085,410.00246512481255,334.9505164425703,-99.42052697714935,-10.215282420527057,-9164,4336.984630654096,4432.305868994094,439.6191766590431,60.73592745763521,364.2972560865359,373.37974171360844,357.3107333670681,380.36626443307625,348.2282477399956,389.44875006014877,341.2417250205278,-0.25424554297905105,-73.98376534048975,-0.6174721495521567,0.8504136557772716,-1.4678858053294284,46.20877265202424,19.211752067721346,368.94829711914065,372.4764907836914,374.36884338378906,433.36154510498045,IGARASHI.BO,2023-11-23 11:08:12.118393
381,2022-04-20 00:00:00+05:30,366.09380218610966,376.2242851569087,348.82712138001335,352.4201965332031,4369,0.0,0.0,2022-04-20,372.1196807861328,18.951664325803684,391.07134511193647,353.1680164603291,410.02300943774014,334.21635213452544,-166.09296208413988,-38.63829749059532,-14797,3235.5158989828096,4456.136178579094,440.23011873551775,61.23889198197269,359.1572010233751,369.4872806667368,342.09011688984145,386.55436480027043,331.7600372464797,396.88444444363216,314.6929531129461,-0.2754499870253443,-90.02104311693074,0.0572668749387617,1.2173851071096287,-1.160118232170867,39.13797473955874,20.357721120683575,373.26996459960935,372.1196807861328,376.0036901855469,434.7783120727539,IGARASHI.BO,2023-11-23 11:08:12.118393
382,2022-04-19 00:00:00+05:30,375.6753084114845,380.4660852139182,363.79822565471375,366.1437072753906,4337,0.0,0.0,2022-04-19,372.42409362792966,18.665318983050522,391.08941261098016,353.75877464487917,409.7547315940307,335.0934556618286,-176.44461644739042,13.791949441571905,-10428,3336.8885457090328,4761.2912484781655,440.8020454099692,66.19684193993369,370.1360060480076,376.4737864413014,359.80592688209697,386.803865607212,353.46814648880314,393.14164600050583,343.13806732289254,-0.3014198614066646,-67.20105806125952,2.296400612675768,1.5074146651523452,0.7889859475234229,44.46867387412999,21.591841639258284,383.50022583007814,372.42409362792966,378.0946563720703,436.01293029785154,IGARASHI.BO,2023-11-23 11:08:12.118393
383,2022-04-18 00:00:00+05:30,387.2529903456463,387.2529903456463,369.48727255971033,371.7329406738281,9541,0.0,0.0,2022-04-18,372.2144973754883,18.76283555555446,390.9773329310427,353.45166181993386,409.7401684865972,334.6888262643794,-112.40161543144679,38.45752455715706,-6091,7452.906067141726,5117.391924170448,441.287892400205,58.96491322890357,376.15773452639496,382.8281964930796,365.0624787071436,393.92345231233094,358.392016740459,400.59391427901556,347.29676092120764,-0.3061599263479456,-59.36254071864878,3.7768184975527106,1.3101681782714893,2.4666503192812215,46.88463167730894,22.578886043341914,389.1094055175781,372.2144973754883,379.9351062011719,,IGARASHI.BO,2023-11-23 11:08:12.118393
384,2022-04-13 00:00:00+05:30,387.50249323048195,405.56765097059593,384.8576014289797,388.0514221191406,4754,0.0,0.0,2022-04-13,371.64060363769534,18.95291254814558,390.59351618584094,352.68769108954973,409.5464287339865,333.7347785414042,31.186095935063058,112.45409392378521,3450,3876.5836634559287,4533.513388427628,442.29811266541844,63.394579315500664,392.8255581729054,400.7935149168311,380.08346537521487,413.53560771452163,372.1155086312892,421.50356445844733,359.37341583359864,-0.17892131538997472,-37.64944753412135,5.064522674593775,0.693505598451184,4.371017076142591,54.9827755655471,23.218054546323124,393.42108154296875,371.64060363769534,381.49509704589843,,IGARASHI.BO,2023-11-23 11:08:12.118393
385,2022-04-12 00:00:00+05:30,401.625270548609,401.6751925610605,384.7079219276451,388.0015563964844,4825,0.0,0.0,2022-04-12,369.617008972168,19.26650575806994,388.88351473023795,350.350503214098,408.15002048830786,331.0839974560281,34.03457858246113,103.66418073977583,-1304,3933.9740412507585,4697.745819670553,442.69355296935953,58.221220075259346,391.46155696172997,398.21519199581485,381.24792136239944,408.4288275951454,374.49428632831456,415.18246262923026,364.280650728984,-0.1810165492271069,-37.715798014487895,5.029315869909453,-0.3992486705844638,5.428564540493917,54.96064399067459,22.626680347829293,393.9800109863281,369.617008972168,382.7217315673828,,IGARASHI.BO,2023-11-23 11:08:12.118393
386,2022-04-11 00:00:00+05:30,395.836423920611,412.3046561298293,391.8940167536633,403.5715026855469,5434,0.0,0.0,2022-04-11,368.00761260986326,18.992387970858253,387.0000005807215,349.015224639005,405.9923885515798,330.02283666814674,83.15565983491098,145.56961796160974,3521,4608.300918794013,4888.688764275501,443.1012097685305,64.99006590172306,402.59005852301317,413.286100292363,392.875460916197,423.00069789917916,382.1794191468472,433.696739668529,372.46482154003104,-0.16925808598143363,-16.998692946503,4.912949753720625,-1.756389805707943,6.669339559428568,64.06840048910877,22.178226795143466,395.4072570800781,368.00761260986326,384.1350048828125,,IGARASHI.BO,2023-11-23 11:08:12.118393
387,2022-04-08 00:00:00+05:30,392.74238524826916,397.3335348524656,387.6023067554628,394.1896057128906,3724,0.0,0.0,2022-04-08,366.11875610351564,17.048318009417315,383.16707411293294,349.07043809409834,400.2153921223503,332.022120084681,65.29455760891567,95.56322818777785,-1913,3084.7185498350573,4958.785725645872,443.4358497937821,59.1471154037038,393.0418157736064,398.48132479175,388.7500966947472,402.77304387060923,383.3105876766036,408.21255288875284,379.01886859774436,-0.18865741627852975,-29.48208509899013,3.156123428711794,-3.423724695565085,6.579848124276879,60.39713542793912,21.05593332542214,392.8322265625,366.11875610351564,385.1191064453125,,IGARASHI.BO,2023-11-23 11:08:12.118393
388,2022-04-07 00:00:00+05:30,396.7845822281257,402.62332527702307,391.6445036482262,393.29132080078125,3538,0.0,0.0,2022-04-07,364.6391098022461,15.715923616612992,380.3550334188591,348.9231861856331,396.0709570354721,333.2072625690201,91.56241713017037,93.30289955933485,-5637,2923.969886047587,5427.302519598576,443.72322173361226,55.99312124799121,395.85304990867684,400.0615961691275,389.0827745403306,406.8318715374737,384.87422827987996,411.04041779792436,378.1039529115337,-0.20813924291012562,-30.677327687477955,1.7830080109891355,-5.068686726634305,6.851694737623441,60.03331058205307,20.543242283507094,387.71210327148435,364.6391098022461,386.1311541748047,,IGARASHI.BO,2023-11-23 11:08:12.118393
389,2022-04-06 00:00:00+05:30,389.39884879769915,397.5331517341265,386.10521438085624,390.8460693359375,5886,0.0,0.0,2022-04-06,362.9373947143555,14.221769577455428,377.1591642918109,348.7156251369001,391.38093386926636,334.4938555594446,105.67411474213104,65.45443823675986,-9175,4834.223341192492,6053.135677986322,444.00437241944013,59.51283629522206,391.4948118169734,396.8844092530906,385.4564718998204,402.92274917024366,380.0668744637032,408.31234660636085,374.02853454655013,-0.1824670534625529,-33.93093759558652,0.0864563612945517,-6.781610411040165,6.868066772334717,59.08312798783564,19.625572318255138,380.74554443359375,362.9373947143555,387.5154840087891,,IGARASHI.BO,2023-11-23 11:08:12.118393
390,2022-04-05 00:00:00+05:30,404.719310543226,416.34687527224685,390.29711824292787,395.1377868652344,14829,0.0,0.0,2022-04-05,360.7416305541992,13.025896600273583,373.7675271544728,347.7157339539256,386.7934237547464,334.689837353652,190.88203641316997,82.41852744513524,-3289,12312.922125547871,6357.863762184779,444.5020110191826,67.17551323399465,400.59392679346973,410.8907353440116,384.8409783146926,426.6436838227887,374.54416976415075,436.9404923733306,358.79122128537364,-0.14070188023393726,-28.220451423966626,-1.8461335817206646,-8.498627104123845,6.65249352240318,61.45887405515164,18.873577771149794,372.6212097167969,360.7416305541992,389.1742840576172,,IGARASHI.BO,2023-11-23 11:08:12.118393
391,2022-04-04 00:00:00+05:30,374.7271550366624,394.18961151724864,373.77897189638696,390.69635009765625,8106,0.0,0.0,2022-04-04,357.4928970336914,12.062709454676574,369.55560648836797,345.43018757901484,381.61831594304454,333.3674781243383,212.07193406294795,31.36944674135382,-18118,6654.978518122255,4869.099171344006,445.6943847486244,59.18480611479708,386.2216445037639,398.66431711114086,378.2536774902792,406.6322841246256,365.81100488290224,419.07495673200253,357.8430378694175,-0.08978081738197165,-6.591337226882426,-4.715131771773656,-10.161750484724639,5.446618712950983,59.90963831197501,17.705038196015103,363.3989990234375,357.4928970336914,390.8610302734375,,IGARASHI.BO,2023-11-23 11:08:12.118393
392,2022-04-01 00:00:00+05:30,360.1053539687483,370.9843930006074,360.1053539687483,368.5889892578125,4168,0.0,0.0,2022-04-01,355.3869598388672,9.327333669488612,364.7142935083558,346.0596261693786,374.0416271778444,336.73229249989,105.66045357302204,-26.027532128750526,-26224,3228.2768538221408,4422.629334649444,446.43027739699625,54.84206538293494,366.5595787423894,373.0138035160305,362.13476448417146,377.4386177742485,355.68053971053035,383.8928425478896,351.2557254523124,-0.15635493556105587,-17.814364909018458,-7.879463230840997,-11.523405162962383,3.643941932121386,50.75667895170365,17.536448373145554,354.236669921875,355.3869598388672,392.92704528808594,,IGARASHI.BO,2023-11-23 11:08:12.118393
393,2022-03-31 00:00:00+05:30,352.42018678913905,364.89612068525116,352.42018678913905,358.4585266113281,3083,0.0,0.0,2022-03-31,354.91537017822264,8.850979958732358,363.766350136955,346.0643902194903,372.61733009568735,337.21341026075794,14.472689481087327,-47.312808640238856,-30392,2322.272313976503,4721.21745485627,446.9695355138359,54.036310592386094,358.59161136190613,364.7630359346732,352.2871020385611,371.06754525801824,346.115677465794,377.2389698307853,339.811168142449,-0.20517562362739647,-48.203610663886124,-9.634140497528279,-12.434390645992728,2.8002501484644498,45.459067016522674,18.78819342649908,351.16259765625,354.91537017822264,395.3922894287109,,IGARASHI.BO,2023-11-23 11:08:12.118393
394,2022-03-30 00:00:00+05:30,345.3338359587525,363.2991800259708,345.3338359587525,350.2243957519531,6977,0.0,0.0,2022-03-30,354.9028945922852,8.845897364725253,363.74879195701044,346.0569972275599,372.5946893217357,337.21109986283466,-49.32551786271132,-61.202891459894836,-33475,5134.708838286126,5320.953740076211,447.42542644001486,54.126095300710716,352.9524705788922,360.5711051990319,342.60576113181355,370.9178146461105,334.98712651167386,378.5364492662502,324.6404170645952,-0.21630880786657844,-74.06884002004948,-10.736990214731293,-13.13445318310884,2.397462968377548,40.64157646174743,19.60043069492674,350.7034851074219,354.9028945922852,398.47634033203127,,IGARASHI.BO,2023-11-23 11:08:12.118393
395,2022-03-29 00:00:00+05:30,354.2167035426965,354.2167035426965,341.6409562804778,349.0267333984375,4671,0.0,0.0,2022-03-29,355.5466537475586,8.955318525885211,364.5019722734438,346.5913352216734,373.45729079932903,337.63601669578816,-107.78857513707196,-72.31323802907488,-40452,3425.857263913343,5367.514965523731,448.57178823882447,52.66930090205096,348.29479774053726,354.94863920059674,342.372891938378,360.870545002756,335.71905047831854,367.52438646281547,329.7971446761593,-0.1892881173963046,-77.50715770700567,-11.175353249625005,-13.733818925203225,2.558465675578221,39.92311673242082,20.33329529042467,354.3564453125,355.5466537475586,402.0504461669922,,IGARASHI.BO,2023-11-23 11:08:12.118393
396,2022-03-28 00:00:00+05:30,353.0190378606874,354.41633636589205,341.19184643029024,344.88470458984375,15980,0.0,0.0,2022-03-28,356.1629638671875,8.907015728713201,365.0699795959007,347.2559481384743,373.9769953246139,338.3489324097611,-166.837162213638,-77.04527235323961,-45123,11581.142717745925,5852.929390926327,449.36402382857676,53.07014070348131,346.8309624620087,352.47007849372716,339.24558855812535,360.0554523976105,333.6064725264069,365.69456842932897,326.02109862252354,-0.18813544401508359,-67.45949955858543,-11.449315642065073,-14.373435344097778,2.924119702032705,37.499650750485856,20.285281858030995,356.4025024414062,356.1629638671875,405.5866241455078,,IGARASHI.BO,2023-11-23 11:08:12.118393
397,2022-03-25 00:00:00+05:30,358.05929628481465,358.05929628481465,350.32421741036916,353.2186279296875,3026,0.0,0.0,2022-03-25,356.5097961425781,8.573546462324442,365.08334260490255,347.9362496802537,373.656889067227,339.36270321792927,-107.67076250846017,-66.11199671625415,-29143,2246.017973666549,4420.876059221428,452.288313846591,62.0368814520951,353.8673805416238,357.4105436728784,349.6754647984329,361.6024594160693,346.1323016671783,365.1456225473239,341.94038592398744,-0.2377416014556261,-44.89198690240891,-11.21866896423569,-15.104465269605953,3.8857963053702633,40.556316987401004,20.233575084683963,359.12725219726565,356.5097961425781,408.9740899658203,,IGARASHI.BO,2023-11-23 11:08:12.118393
398,2022-03-24 00:00:00+05:30,372.2818642293198,373.97860340799593,354.8654484779579,356.1629638671875,4530,0.0,0.0,2022-03-24,357.57025146484375,9.415378496391721,366.9856299612355,348.154872968452,376.4010084576272,338.7394944720603,2.95535229750291,-54.26855752767125,-26117,3390.37442423871,4964.590580610147,452.8161886814405,62.75214604811786,361.6690052510471,368.4725620241363,349.3594070940983,380.78216018108515,342.5558503210091,387.58571695417436,330.24625216406025,-0.21311388295240033,-39.09627621141573,-11.574156668298826,-16.07591434594852,4.501757677649692,41.66947409025496,20.748016494972745,360.87388305664064,357.57025146484375,412.3485809326172,,IGARASHI.BO,2023-11-23 11:08:12.118393
399,2022-03-23 00:00:00+05:30,360.9038228553706,372.1321633935082,360.80400929215585,368.48919677734375,7981,0.0,0.0,2022-03-23,357.6850296020508,9.411311185325788,367.0963407873766,348.273718416725,376.5076519727024,338.86240723139923,96.28171013176285,-46.93771957497127,-21587,6179.918891229295,5358.144619703006,453.5933548669188,69.64196615810336,367.14178982100265,373.47957034984944,362.15141624849707,378.469943922355,355.8136357196503,384.8077244512018,350.8232621471447,-0.13094713982744363,-14.832985142217002,-12.143895121613753,-17.201353765360942,5.057458643747189,46.65649418477599,21.603000805774997,361.6923034667969,357.6850296020508,415.6332452392578,,IGARASHI.BO,2023-11-23 11:08:12.118393
400,2022-03-22 00:00:00+05:30,358.3088358453636,363.2992096036556,355.71383539928695,359.25701904296875,5232,0.0,0.0,2022-03-22,357.42303466796875,9.164407738987338,366.5874424069561,348.2586269289814,375.7518501459434,339.0942191899941,11.191748661624816,-62.059325904386505,-29568,3949.7872338460757,5152.701051821434,454.816291005891,64.8063323060836,359.42335468197047,363.132873964654,355.54749976028535,367.0087288863391,351.83798047760183,370.7182481690226,347.9621255559167,-0.18963360187079034,-33.00585411235857,-13.90328175948514,-18.465718426297737,4.562436666812598,41.816110484197864,22.92797245906007,357.5103698730469,357.42303466796875,418.6833612060547,,IGARASHI.BO,2023-11-23 11:08:12.118393
401,2022-03-21 00:00:00+05:30,364.29727459005596,364.696498388253,358.00941600668847,358.5084533691406,9379,0.0,0.0,2022-03-21,358.28636779785154,10.110716953976272,368.39708475182783,348.17565084387525,378.50780170580407,338.064933889899,37.25616883363713,-62.919300443681244,-34800,7065.723539862441,5453.429506315272,455.72504601966864,70.89704643675728,360.404789254694,362.8001625026995,356.11308012113494,367.09187163625853,353.71770687312943,369.48724488426404,349.4259977395704,-0.20830187127203884,-34.47935108105023,-15.035944393836814,-19.606327593000884,4.57038319916407,41.41500415259347,23.65370151525696,356.8216918945312,358.28636779785154,421.3891412353516,,IGARASHI.BO,2023-11-23 11:08:12.118393
402,2022-03-17 00:00:00+05:30,364.1475587401627,374.52752948146207,357.759886780811,361.9517822265625,12406,0.0,0.0,2022-03-17,359.6312728881836,11.791132253381779,371.4224051415654,347.84014063480186,383.2135373949472,336.04900838142004,81.61955725922111,-58.72316733214691,-25421,9435.89719849719,5050.355997928479,457.4110969463169,82.58510387705554,364.74639949627846,371.73291221174594,354.96526951109485,381.51404219692955,347.97875679562736,388.50055491239704,338.19762681044375,-0.17336695571961078,-27.70140919697631,-16.18455608063988,-20.7489233927919,4.564367312152022,42.66776793029564,24.57851087073555,358.27887573242185,359.6312728881836,424.09092895507814,,IGARASHI.BO,2023-11-23 11:08:12.118393
403,2022-03-16 00:00:00+05:30,349.9748784960771,362.0016965982161,344.38565422752134,360.25506591796875,12386,0.0,0.0,2022-03-16,361.21322174072264,14.028909822414118,375.24213156313675,347.18431191830854,389.27104138555086,333.15540209589443,4.848424029652381,-74.64595409459525,-37827,9376.524154944094,3953.970697786301,459.6524119413929,58.85596781960164,355.5474722479021,366.7092902682828,349.09324789758807,373.1635146185968,337.93142987720734,384.32533263897756,331.47720552689333,-0.14071898700910687,-31.041271582940645,-17.749022278025677,-21.89001522082991,4.140992942804232,41.8607433763346,25.5744594074048,358.8078552246094,361.21322174072264,426.8835418701172,,IGARASHI.BO,2023-11-23 11:08:12.118393
404,2022-03-15 00:00:00+05:30,350.3741259019172,368.28957969955803,345.7830064570035,347.57952880859375,4129,0.0,0.0,2022-03-15,362.82261810302737,15.66419539966108,378.48681350268845,347.1584227033663,394.15100890234953,331.4942273037052,-12.977853365740636,-79.88579236076113,-50213,3015.7808385718804,2598.3323334968527,462.0383566266052,54.28277864035239,353.88403832171844,361.98507018643335,339.47849694387884,376.39061156427294,331.3774650791639,384.49164342898786,316.97192370132433,-0.2267920749527918,-61.67665012931562,-19.31598766280166,-22.925263456530967,3.6092757937293065,35.58026890342407,25.679254960453196,358.6082458496094,362.82261810302737,429.33082092285156,,IGARASHI.BO,2023-11-23 11:08:12.118393
405,2022-03-14 00:00:00+05:30,366.3433050104426,366.3433050104426,353.9671848708892,355.8136291503906,912,0.0,0.0,2022-03-14,365.2554244995117,16.90169996620379,382.1571244657155,348.3537245333079,399.0588244319193,331.45202456710416,21.09936088702972,-76.53317212628758,-46084,681.895967487387,2493.9702072280957,462.9616461204582,52.82878242121708,358.7080396772408,363.44889448359237,351.072774344039,371.08415981679417,346.3319195376874,375.82501462314576,338.6966542044856,-0.2216183215281212,-47.56204502612276,-19.78116336188998,-23.827582404963294,4.046419043073314,38.05806510745471,25.860976708923637,358.47849731445314,365.2554244995117,432.05057434082033,,IGARASHI.BO,2023-11-23 11:08:12.118393
406,2022-03-11 00:00:00+05:30,366.5429285733794,370.1858950869052,364.39707408942496,365.79437255859375,2546,0.0,0.0,2022-03-11,368.1298797607422,19.843901885895765,387.973781646638,348.2859778748464,407.81768353253375,328.44207598895065,86.58178210553525,-69.424503202273,-45172,1957.0238741255926,2946.9887671632728,463.1528942396171,49.743943024393324,366.79244724497465,369.18782040052434,363.3989994030441,372.5812682424549,361.0036262474944,374.9766413980046,357.6101784055639,-0.13872156617751305,-31.276435484424557,-20.88794874723476,-24.83918716573162,3.9512384184968603,41.29634186237553,26.461644463317224,353.3483947753906,368.1298797607422,434.5427673339844,,IGARASHI.BO,2023-11-23 11:08:12.118393
407,2022-03-10 00:00:00+05:30,364.7963068131978,376.0246473101841,359.30689590356013,364.5966796875,3193,0.0,0.0,2022-03-10,371.0342788696289,23.413897793069854,394.44817666269876,347.62038107655906,417.8620744557686,324.2064832834892,98.42874329258126,-73.22071543100172,-47718,2446.3147411692235,3194.4799904226925,463.64044517547944,45.578756611917804,366.6427409670814,373.9785860306027,357.2608346239787,383.36049237370537,349.92498956045745,390.69633743722665,340.54308321735476,-0.22470667800007058,-34.46845372202117,-22.971437360381913,-25.826996770355834,2.855559409973921,40.733295629353464,27.66592914871093,349.90504150390626,371.0342788696289,436.8443273925781,,IGARASHI.BO,2023-11-23 11:08:12.118393
408,2022-03-09 00:00:00+05:30,346.980681322276,367.2416170562359,346.980681322276,359.25701904296875,4013,0.0,0.0,2022-03-09,374.69471740722656,27.68713557559736,402.38185298282394,347.0075818316292,430.06898855842127,319.32044625603186,15.459476258607777,-88.42029287585318,-50911,3029.5290843700877,3381.521302736059,464.266409850327,40.114359103200414,357.8264391404935,368.672196958711,348.4112612247511,378.0873748744534,337.5655034065336,388.93313269267094,328.1503254907912,-0.22140683501874808,-55.857595399148494,-25.172927463237215,-26.54088662284931,1.367959159612095,38.28745780653864,28.962851117596458,348.8171447753906,374.69471740722656,439.11394958496095,,IGARASHI.BO,2023-11-23 11:08:12.118393
409,2022-03-08 00:00:00+05:30,329.86370196653127,348.52771181049695,329.86370196653127,346.9307861328125,5568,0.0,0.0,2022-03-08,379.1511199951172,31.920730125555746,411.07185012067293,347.23038986956146,442.99258024622867,315.3096597440057,-113.89480113069192,-113.7525864201568,-54924,4059.2216975802157,3469.519357327552,465.10719397590896,43.345937345909306,341.77406663661355,353.68443130669584,335.02042146273016,360.43807648057924,323.11005679264787,372.34844115066153,316.35641161876447,-0.2457582244025286,-71.84466407707569,-27.08421825170052,-26.88287641275233,-0.20134183894818847,32.2969710313003,29.77472255452766,348.6075439453125,379.1511199951172,441.5542419433594,,IGARASHI.BO,2023-11-23 11:08:12.118393
410,2022-03-07 00:00:00+05:30,348.5776078507672,348.5776078507672,325.22266469784216,330.1631164550781,2480,0.0,0.0,2022-03-07,384.4484008789062,34.94037860726909,419.38877948617534,349.5080222716371,454.3291580934444,314.56764366436806,-226.82633655077709,-130.2821632954484,-60492,1720.6040489936256,3322.093772264386,466.43479910160727,36.1462917928105,334.6544630012292,344.08626130461624,320.7313181516912,358.00940615415425,311.29951984830416,367.4412044575413,297.37637499876615,-0.2780768836574743,-93.59225627824712,-27.906935516207113,-26.83254095301528,-1.0743945631918344,22.837166907063377,29.21839883900695,351.8413024902344,384.4484008789062,444.3498486328125,,IGARASHI.BO,2023-11-23 11:08:12.118393
411,2022-03-04 00:00:00+05:30,359.3069097563976,359.3069097563976,347.57953145184854,348.5776062011719,2140,0.0,0.0,2022-03-04,390.3470230102539,35.25027677473448,425.59729978498837,355.09674623551945,460.8475765597229,319.84646946078493,-113.33882603127397,-117.57314322156556,-58012,1567.5231410732356,3722.4662030820764,467.1200896456633,33.84298818102526,351.8213491364727,356.06316682109684,344.3357885165478,363.54872744102175,340.0939708319236,367.7905451256459,332.6084102119987,-0.490477016992301,-92.06575735544845,-26.88606915907576,-26.563942312217318,-0.32212684685844195,26.630178447479338,28.61928099152311,358.0792663574219,390.3470230102539,447.3919805908203,,IGARASHI.BO,2023-11-23 11:08:12.118393
412,2022-03-03 00:00:00+05:30,365.09572238605494,372.4315777098766,355.3644938129181,359.1571960449219,6898,0.0,0.0,2022-03-03,395.7665679931641,36.78913360821694,432.55570160138103,358.9774343849471,469.34483520959793,322.1883007767302,-32.08872135580773,-111.80243337289502,-55872,5206.051582491443,4261.201968584286,467.6367366548549,27.711700263721326,362.3177558559055,369.27101789889286,352.2039340019344,379.38483975286397,345.250671958947,386.33810179585134,335.1368501049759,-0.4887923479555088,-80.01237213459521,-26.985234416847504,-26.483410600502708,-0.5018238163447961,29.21999675953687,28.909418373816624,358.72801513671874,395.7665679931641,450.06482421875,,IGARASHI.BO,2023-11-23 11:08:12.118393
413,2022-03-02 00:00:00+05:30,362.00171714597343,363.9978666081319,357.260862173347,358.2090148925781,1474,0.0,0.0,2022-03-02,400.7170181274414,38.23658715796844,438.9536052854098,362.480430969473,477.1901924433783,324.2438438115045,-58.29151336303003,-123.37503299831192,-62770,1109.5188866633464,4024.9895651074967,469.1824237858882,17.702076917394052,359.82258122468573,362.3843002760245,355.64729584123955,366.55958565947066,353.0855767899008,369.1213047108094,348.91029140645463,-0.46691692819622505,-85.00987415221579,-27.745258111532905,-26.357954646416506,-1.3873034651163998,28.641374749617356,29.606705429906455,361.78212280273436,400.7170181274414,452.5550207519531,,IGARASHI.BO,2023-11-23 11:08:12.118393
414,2022-02-28 00:00:00+05:30,362.89998218437046,368.4392848174359,352.2205702643423,363.0995788574219,2401,0.0,0.0,2022-02-28,405.29319152832034,38.35804557150101,443.65123709982134,366.9351459568193,482.00928267132235,328.5771003853183,-61.63553170262673,-131.3472853335754,-61296,1831.9710641514116,4753.857234718534,469.5213391822042,16.95056838322965,361.2531446464,370.2857190284577,354.0670044753641,377.4718591994936,345.0344300933064,386.5044335815513,337.8482899222705,-0.46665647336666455,-81.61025454941364,-28.204554575156408,-26.011128780137405,-2.193425795019003,29.80600680113247,29.695984353971824,361.8320251464844,405.29319152832034,455.31769104003905,,IGARASHI.BO,2023-11-23 11:08:12.118393
415,2022-02-25 00:00:00+05:30,358.70804390699635,362.55063762395633,355.26470444023187,361.3529357910156,2121,0.0,0.0,2022-02-25,409.6073699951172,38.214652847523084,447.8220228426403,371.3927171475941,486.0366756901634,333.178064300071,-80.45704051868142,-144.541434195632,-63697,1610.5453581837078,5484.328777360313,470.05340255567666,14.518736401952935,359.7227592850679,364.180814129904,356.8948809461795,367.0086924687924,352.43682610134346,371.46674731362845,349.60894776245505,-0.4827979089670531,-83.4087006001543,-28.846897944436932,-25.462772331382652,-3.3841256130542803,28.8445101021032,29.792130887580683,361.8619689941406,409.6073699951172,458.39675170898437,,IGARASHI.BO,2023-11-23 11:08:12.118393
416,2022-02-24 00:00:00+05:30,374.4277371398259,374.4277371398259,348.82712584150596,351.82135009765625,16378,0.0,0.0,2022-02-24,414.47298431396484,37.94145943586006,452.4144437498249,376.5315248781048,490.35590318568495,338.59006544224474,-102.28577394592438,-158.18336506260846,-65818,12108.316434160406,6452.774632154464,470.53561139447834,12.44008121339813,358.35873769299604,367.8903495444861,342.28973824616617,383.959348991316,332.7581263946761,393.4909608428061,316.6891269478462,-0.46657836777090356,-92.06492131395612,-29.06020001759032,-24.616740928119082,-4.4434590894712365,23.549086641628378,29.449464634231816,364.8961181640625,414.47298431396484,461.62452575683596,,IGARASHI.BO,2023-11-23 11:08:12.118393
417,2022-02-23 00:00:00+05:30,361.1533524542834,383.56011219705874,358.907684278753,374.427734375,5448,0.0,0.0,2022-02-23,419.5207458496094,35.82403841771279,455.3447842673222,383.6967074318966,491.16882268503497,347.8726690141838,-66.57225692165521,-147.08096019813746,-49440,4286.52946580613,5038.889181652979,474.7464091376322,8.237927068989592,372.2985102836039,385.6893362884548,361.03690837014904,396.95093820190965,347.6460823652981,410.34176420676056,336.3844804518433,-0.4179557842503307,-76.38002844149794,-27.954268474515175,-23.505876155751274,-4.448392318763901,28.167128123646634,29.080439438317654,371.6131591796875,419.5207458496094,465.04193298339845,,IGARASHI.BO,2023-11-23 11:08:12.118393
418,2022-02-22 00:00:00+05:30,354.11689552371655,359.4566013230171,343.03829059102736,358.4585266113281,5795,0.0,0.0,2022-02-22,423.03895874023436,34.59660206259034,457.6355608028247,388.442356677644,492.23216286541503,353.8457546150537,-141.35228944734982,-191.3556163329097,-54888,4365.088569410906,5226.97911061469,475.9441810568484,5.927616915456852,353.65113950845756,364.26398842588776,347.84567769389804,370.0694502404473,337.23282877646784,380.6822991578775,331.4273669619083,-0.41290478814069026,-88.39655972461463,-28.34117777661163,-22.393778076060297,-5.947399700551333,17.56438289546179,29.044265786679436,375.4457641601563,423.03895874023436,467.97527404785154,,IGARASHI.BO,2023-11-23 11:08:12.118393
419,2022-02-21 00:00:00+05:30,384.25875828049743,384.25875828049743,359.3068908596859,363.2492980957031,4578,0.0,0.0,2022-02-21,428.24142303466795,32.10789222517347,460.34931525984143,396.13353080949446,492.4572074850149,364.025638584321,-109.79988270727516,-180.12009011421466,-49093,3494.4696797463475,5442.451745915637,477.45545936714825,8.32609395253634,368.9383157452955,378.5697406309051,353.61787321009353,393.890183166107,343.98644832448394,403.5216080517166,328.666005789282,-0.44494099264730463,-96.61958812669447,-26.834402137015843,-20.90692815092246,-5.927473986093382,18.31739999653493,27.127241729083078,382.24265747070314,428.24142303466795,471.35375732421875,,IGARASHI.BO,2023-11-23 11:08:12.118393
420,2022-02-18 00:00:00+05:30,385.30672684195343,385.30672684195343,374.9267560243409,376.523681640625,2682,0.0,0.0,2022-02-18,433.76826171875,29.7594194976792,463.5276812164292,404.00884222107084,493.2871007141084,374.2494227233916,-97.4504982756126,-176.84895943157497,-44515,2122.031246717424,5929.4472624579585,478.62794464212,12.931822800472105,378.91905483563977,382.91135364693866,372.5313828293261,389.29902565325233,368.5390840180272,393.2913244645512,362.15141201171355,-0.44759615857861523,-98.4189667827291,-24.970509272857782,-19.425059654399117,-5.545449618458665,20.58797763885424,25.537025514496847,388.8399291992188,433.76826171875,474.5605706787109,,IGARASHI.BO,2023-11-23 11:08:12.118393
421,2022-02-17 00:00:00+05:30,402.32393422059505,402.32393422059505,384.35858888117815,385.40655517578125,3687,0.0,0.0,2022-02-17,438.91583251953125,28.199534456827,467.11536697635825,410.71629806270425,495.31490143318524,382.51676360587726,-82.91507289768602,-169.07434285550016,-41833,2986.0215601144605,6881.301266393091,479.2457685099881,12.73295459629091,390.69635942585154,397.03412997052493,379.06878463110803,408.66170476526844,372.73101408643464,414.99947530994183,361.10343929169113,-0.45721678603114785,-91.0185765034375,-23.51314619327877,-18.038697249784448,-5.474448943494323,22.306097609158613,24.368964243825467,396.19573974609375,438.91583251953125,477.6565985107422,,IGARASHI.BO,2023-11-23 11:08:12.118393
422,2022-02-16 00:00:00+05:30,395.7366137646309,398.7308378284238,390.84605388553354,393.59075927734375,7065,0.0,0.0,2022-02-16,444.3453598022461,27.805877033676563,472.15123683592265,416.53948276856954,499.9571138695992,388.733605734893,-93.82311131905067,-177.54910508554673,-38146,5843.294352425099,7855.121192962749,480.0328999064173,17.424770556824512,394.3892169971004,397.93238010866725,390.047596165777,402.27400093999063,386.50443305421015,405.8171640515575,382.16281222288677,-0.44907025598735056,-82.78978462176394,-22.16584848965465,-16.670085013910864,-5.495763475743786,24.020775196792258,23.48626927340237,403.8908996582031,444.3453598022461,480.28552673339846,,IGARASHI.BO,2023-11-23 11:08:12.118393
423,2022-02-15 00:00:00+05:30,389.2491418677719,393.79036967269997,376.47379760025643,392.4429931640625,4187,0.0,0.0,2022-02-15,449.25838165283204,27.036221810952952,476.294603463785,422.2221598418791,503.33082527473795,395.18593803092614,-143.68364546570837,-213.55188939304065,-45211,3452.8701371874354,8358.07790309716,481.4449972030861,17.037661704481252,387.5690534790063,398.66430935775617,381.34773728531263,404.88562555144983,370.25248140656277,415.9808814301997,364.0311652128691,-0.47873943564235943,-83.94380379795061,-20.911073068658595,-15.296144144974914,-5.6149289236836815,23.2505924993704,22.809432182391376,412.733837890625,449.25838165283204,482.2946508789062,,IGARASHI.BO,2023-11-23 11:08:12.118393
424,2022-02-11 00:00:00+05:30,410.25859411941934,412.85359443667386,391.49480190325147,396.23565673828125,6282,0.0,0.0,2022-02-11,455.26928558349607,27.103584858087558,482.37287044158364,428.1657007254085,509.4764552996712,401.0621158673209,-164.0371969435722,-206.35121528666494,-41024,5230.608209647714,9584.379844574592,482.3150681601521,16.373282506735663,400.1946843594022,408.8945668155529,387.5357742821305,421.55347689282456,378.8358918259798,430.25335934897527,366.1769817487081,-0.5361655417037302,-94.38534445409684,-18.874708282610925,-13.89241191405399,-4.982296368556934,23.99493915027483,21.665072589825442,423.92225341796876,455.26928558349607,484.7898376464844,,IGARASHI.BO,2023-11-23 11:08:12.118393
425,2022-02-10 00:00:00+05:30,396.5350613420192,423.6827050379944,394.3393153038059,413.302734375,16081,0.0,0.0,2022-02-10,461.903987121582,28.11441109851356,490.0183982200956,433.78957602306843,518.1328093186091,405.6751649245549,-205.1673077479131,-199.1419123827176,-34742,13966.321494664957,10672.822753306311,483.59641365383294,16.454128530272314,410.4415849056001,426.5438545073943,397.2004647732058,439.78497463978863,381.0981951714116,455.88724424158283,367.8570750390173,-0.4898666054094165,-76.75841710354898,-16.35508374516826,-12.646837821914756,-3.708245923253502,27.704289540195234,21.05718911854778,435.2504028320312,461.903987121582,486.97562133789063,,IGARASHI.BO,2023-11-23 11:08:12.118393
426,2022-02-09 00:00:00+05:30,442.79585280521917,444.2430733633698,422.33532061230096,423.8823547363281,15416,0.0,0.0,2022-02-09,467.53063201904297,29.11860767948586,496.64923969852885,438.4120243395571,525.7678473780147,409.2934166600713,-211.74329876731755,-159.04585890160186,-18661,13731.492511015018,9849.448067966649,486.38106412048893,17.618421497295046,430.1535829039996,437.9718451956983,416.06409244462947,452.06133565506843,408.2458301529308,459.8795979467671,394.15633969356065,-0.5601893240804772,-97.6389658154057,-14.562245070616768,-11.71977634110138,-2.8424687295153888,30.409868491614787,20.52957720261197,442.2169677734375,467.53063201904297,488.7771466064453,,IGARASHI.BO,2023-11-23 11:08:12.118393
427,2022-02-08 00:00:00+05:30,450.63071611499987,452.12782812867096,428.97248346702924,437.8054504394531,4878,0.0,0.0,2022-02-08,472.0494140625,29.000779958212316,501.0501940207123,443.04863410428766,530.0509739789246,414.04785414607534,-243.76868778195447,-140.35666537247027,-3245,4487.698424787133,8878.936957204554,488.8482300446421,18.569734969750215,439.63525401171773,450.29802455640623,427.1426798947645,462.79059867335945,416.479909350076,473.45336921804795,403.9873352331228,-0.5301862894291671,-78.43420193272797,-13.088160514229116,-11.009159158722532,-2.079001355506584,34.52965076154288,21.47359884829695,448.8341979980469,472.0494140625,490.1794415283203,,IGARASHI.BO,2023-11-23 11:08:12.118393
428,2022-02-07 00:00:00+05:30,451.8284407901263,453.425335985185,447.23729095727407,448.38507080078125,2806,0.0,0.0,2022-02-07,476.2563003540039,29.861646006974,506.1179463609779,446.39465434702987,535.9795923679519,416.53300834005586,-74.18168696200513,-117.82143176026621,1633,2643.86645916409,9976.746590308909,489.4938703879495,18.519676705188758,449.6825659144135,452.1278408715529,445.939795843642,455.8706109423244,443.4945208865026,458.3158858994638,439.7517508157311,-0.5329899628904711,-70.05813783932939,-12.373794098188512,-10.489408819845886,-1.8843852783426254,38.18021356719198,22.9409913343775,452.90634765625,476.2563003540039,490.8691119384766,,IGARASHI.BO,2023-11-23 11:08:12.118393
429,2022-02-04 00:00:00+05:30,452.32747489659744,453.72477341162516,447.48680641701645,452.87640380859375,2324,0.0,0.0,2022-02-04,479.85685577392576,30.655027598038853,510.5118833719646,449.20182817588693,541.1669109700034,418.54680057784805,-58.43377808430489,-117.46617291325178,4439,2211.6506199746527,11809.966623095112,489.7951769273948,17.627452432428655,451.36266121241175,455.23851600780705,449.00054901319834,457.60062820702046,445.12469421780304,461.47648300241576,442.7625820185896,-0.5316801072022389,-80.54662171221374,-12.31363919053723,-10.018312500260228,-2.295326690277003,39.840042863483426,23.425695795947565,453.175830078125,479.85685577392576,491.36116271972656,,IGARASHI.BO,2023-11-23 11:08:12.118393
430,2022-02-03 00:00:00+05:30,459.46371349357565,475.93194673378395,447.13748434020044,448.13555908203125,56034,0.0,0.0,2022-02-03,483.26278533935545,31.277432775903957,514.5402181152594,451.9853525634515,545.8176508911633,420.70791978754755,0.5024541804746339,-106.31953964399722,2115,52766.9189268847,14209.545623875225,490.02065996930946,16.321052778580054,457.0683300520052,466.99917576380994,438.20471337022644,485.8627924455887,428.2738676584217,495.79363815739345,409.41025097664294,-0.4744485364997057,-83.6012778240304,-12.49238063998746,-9.444480827690978,-3.0478998122964818,37.16214672188798,23.925430494013533,452.4771789550781,483.26278533935545,492.3542468261719,,IGARASHI.BO,2023-11-23 11:08:12.118393
431,2022-02-02 00:00:00+05:30,462.4579166898257,465.8014730146829,456.170027826925,456.968505859375,1290,0.0,0.0,2022-02-02,485.5833084106445,30.238500245476875,515.8218086561214,455.34480816516765,546.0603089015983,425.1063079196908,-5.199314448109054e-05,-103.70576712081898,58149,1238.7300821831784,4570.202298122856,497.25376209030264,24.629442664110314,459.6466689003276,463.1233099737302,453.49186478597227,469.27811408808554,450.01522371256965,472.75475516148816,443.8604195982143,-0.2624704599170266,-77.90996827584186,-12.065043990228332,-8.682505874616856,-3.382538115611476,40.2622946140974,24.463606322699956,454.58311157226564,485.5833084106445,493.5529339599609,,IGARASHI.BO,2023-11-23 11:08:12.118393
432,2022-02-01 00:00:00+05:30,449.73248542483884,461.659460332035,444.2430743366633,458.16619873046875,2871,0.0,0.0,2022-02-01,487.4147750854492,29.5147700958595,516.9295451813088,457.9000049895897,546.4443152771682,428.3852348937302,-42.682356616965244,-124.58196177419538,59439,2764.120315368344,5403.070352107775,497.4145595819806,30.940497079766885,454.6895777997224,465.13608126278143,447.71969526740975,472.10596379509406,437.2731918043507,482.5524672581531,430.30330927203806,-0.26719453170561647,-77.13826195349232,-12.205031310801985,-7.836871345713987,-4.368159965087998,40.6906578483233,25.650806333189383,453.7447265625,487.4147750854492,493.9312042236328,,IGARASHI.BO,2023-11-23 11:08:12.118393
433,2022-01-31 00:00:00+05:30,449.3831506601881,467.4982010581122,444.1432582871376,449.73248291015625,6006,0.0,0.0,2022-01-31,489.58558654785156,28.839215026926492,518.424801574778,460.7463715209251,547.2640166017045,431.90715649399857,-54.618889688762756,-135.91741904016726,56568,5675.972582007785,6062.807861292632,497.76634138632716,26.773827110187028,453.79131408513535,463.4393698831331,440.0844271121585,477.14625685610997,430.43637131416074,486.7943126541077,416.7294843411839,-0.14031167228832728,-82.57233606089768,-12.317287385647091,-6.7448313544419864,-5.572456031205105,36.26745810375712,27.191420144047974,451.06988525390625,489.58558654785156,,,IGARASHI.BO,2023-11-23 11:08:12.118393
434,2022-01-28 00:00:00+05:30,463.7055266928414,465.1028252262198,446.1394053135628,449.3831481933594,4214,0.0,0.0,2022-01-28,491.22991333007815,27.346214144527053,518.5761274746052,463.8836991855511,545.9223416191322,436.53748504102407,-66.42922541503833,-145.2172734195357,50562,3979.3488947012047,6159.516681113843,498.68419165614785,21.105957449482418,453.54179291104737,460.94418050853193,441.9807605958749,472.50521282370437,434.57837299839036,479.90760042118893,423.0173406832179,-0.1277868622715607,-82.79742198741083,-11.443790387264357,-5.35171734664071,-6.092073040623648,36.083685420357874,28.850542709587994,453.624951171875,491.22991333007815,,,IGARASHI.BO,2023-11-23 11:08:12.118393
435,2022-01-27 00:00:00+05:30,451.17966182059365,469.045223550054,438.6039448040618,458.66522216796875,6593,0.0,0.0,2022-01-27,492.9391159057617,25.60595232146636,518.5450682272281,467.33316358429533,544.1510205486944,441.727211262829,-73.56399988612827,-149.96974427731772,54776,6354.473774476384,6704.558627717002,499.35415598082005,29.898585415649663,455.4381301740282,472.2723155439945,441.83103679800234,485.87940892002035,424.996851428036,502.7135942899867,411.38975805201017,-0.11722753041961728,-76.81672748416908,-10.117654593176667,-3.828699086484797,-6.28895550669187,38.841130197674595,30.775456032744803,458.5055358886719,492.9391159057617,,,IGARASHI.BO,2023-11-23 11:08:12.118393
436,2022-01-25 00:00:00+05:30,444.1432407616634,460.56158173289884,443.54438985089433,452.7765808105469,5544,0.0,0.0,2022-01-25,494.02701873779296,24.511980772406247,518.5389995101992,469.5150379653867,543.0509802826055,445.00305719298046,-94.59997638929494,-173.98889536861157,48183,5274.822883751398,6792.079841027156,500.23803644614395,34.88192248157745,452.2941841314467,461.04397841199903,444.0267865299945,469.3113760134512,435.2769922494422,478.06117029400355,427.00959464799,-0.13978409761775976,-80.61094040406526,-9.180644769561184,-2.256460209811829,-6.924184559749355,35.95675397432532,32.84843961152906,462.6675109863281,494.02701873779296,,,IGARASHI.BO,2023-11-23 11:08:12.118393
437,2022-01-24 00:00:00+05:30,463.6057067221327,463.6057067221327,422.6846432654967,444.7919921875,9097,0.0,0.0,2022-01-24,495.4318084716797,22.766415884452456,518.1982243561322,472.66539258722725,540.9646402405846,449.8989767027748,-144.26369683362796,-220.8603581874877,42639,8502.680477541506,7171.3940803460955,501.12112621307233,30.93095052144278,443.69411405837644,464.7035848512562,423.7825213946202,484.6151775150125,402.7730506017404,505.62464830789224,382.86145793798414,-0.16102388817183472,-85.75562955641742,-7.261945622768508,-0.5254140698744902,-6.736531552894018,31.917206308507943,35.213111217893754,470.9116149902344,495.4318084716797,,,IGARASHI.BO,2023-11-23 11:08:12.118393
438,2022-01-21 00:00:00+05:30,468.8954845243064,469.5941490017808,454.8725470936485,462.5078125,4780,0.0,0.0,2022-01-21,497.0960983276367,19.906700704252938,517.0027990318896,477.18939762338374,536.9094997361426,457.28269691913084,-141.11532529874634,-160.82314454333886,51736,4645.662696388578,6838.572481047242,502.8950618098605,30.421348575472592,462.3248361984765,469.77712530330444,455.05552339517214,477.0464381066088,447.6032342903442,484.49872721143674,440.33392148703985,-0.17772355381101404,-93.79310801715958,-3.909038811002631,1.1587188183490142,-5.067757629351645,36.688870669069836,37.75968064013265,480.3234558105469,497.0960983276367,,,IGARASHI.BO,2023-11-23 11:08:12.118393
439,2022-01-20 00:00:00+05:30,481.521150694243,487.8589006655475,471.640186807533,473.78607177734375,5296,0.0,0.0,2022-01-20,498.03428955078124,18.58935452463916,516.6236440754204,479.4449350261421,535.2129986000596,460.8555805015029,-146.6826805309031,-104.36411120065954,56516,5272.674603631644,7386.799927211908,503.574618038656,42.83674439721379,477.76171975014137,483.88325269274975,467.66453883473525,493.98043360815586,461.54300589212687,500.10196655076425,451.44582497672076,-0.19266207553527107,-97.98024965435765,-1.3018140780636713,2.4256582256869255,-3.727472303750597,40.24536019759859,38.921861160089875,490.35410766601564,498.03428955078124,,,IGARASHI.BO,2023-11-23 11:08:12.118393
440,2022-01-19 00:00:00+05:30,490.6036248841988,492.7994014895551,477.5787617473461,479.47509765625,7624,0.0,0.0,2022-01-19,498.6805419921875,17.914421089736166,516.5949630819237,480.76612090245135,534.5093841716598,462.8516998127152,-203.27963769758063,-87.69555130743989,61812,7681.563913431201,7915.331258106973,504.14049655925197,44.356709114264,483.2844202977171,488.99007884808805,473.76943910587903,498.5050600399261,468.06378055550806,504.21071859029706,458.54879936367,-0.17439471819789462,-98.10945832192205,0.9452104478253318,3.3575263016245747,-2.412315853799243,42.15962684292579,38.85826343885165,501.38283081054686,498.6805419921875,,,IGARASHI.BO,2023-11-23 11:08:12.118393
441,2022-01-18 00:00:00+05:30,496.542179213371,508.5190759984171,489.0566187227172,493.9971008300781,4610,0.0,0.0,2022-01-18,498.8202728271484,17.767028679823607,516.587301506972,481.0532441473248,534.3543301867957,463.2862154675012,-140.28642237702118,-32.473239669870814,69436,4785.485779451215,7973.773094275916,504.83398463745,48.4115388009047,497.1909318504042,505.3252449780912,485.86278770239124,516.6533891261041,477.72847457470425,524.7877022537912,466.4003304266913,-0.15665579233600035,-85.28664440047794,3.247478535354162,3.9606052650743853,-0.7131267297202233,47.5149621461801,38.27327924580818,510.6549377441406,498.8202728271484,,,IGARASHI.BO,2023-11-23 11:08:12.118393
442,2022-01-17 00:00:00+05:30,577.8852469675943,577.8852469675943,491.0527487185775,491.8511962890625,7749,0.0,0.0,2022-01-17,498.23140716552734,18.12682908444414,516.3582362499715,480.1045780810832,534.4850653344156,461.9777489966391,26.63505620433935,66.15041337150167,64826,8009.033263557298,8770.84492298209,505.0214064519866,49.547112874782606,520.2630639917447,549.473379264912,462.64088101589516,607.0955622407615,433.43056574272794,636.3058775139287,375.80838276687837,-0.16016258393336105,-84.13862195109121,4.715677841883689,4.1388869475044405,0.5767908943792488,46.58199853463294,36.58012607830414,514.7071166992188,498.23140716552734,,,IGARASHI.BO,2023-11-23 11:08:12.118393
443,2022-01-14 00:00:00+05:30,532.1235275828544,542.9027216916088,511.46337000578376,512.6610717773438,10818,0.0,0.0,2022-01-14,497.82219848632815,18.369198890215117,516.1913973765433,479.45299959611305,534.5605962667584,461.08380070589794,47.79260555293169,,72575,11654.080743879802,8961.297837838289,505.4157417954015,54.474553638570946,522.3423878249122,533.2214056440406,501.78205395821556,553.7817395107372,490.90303613908713,564.6607573298656,470.3427022723905,-0.09010863696693557,-44.955479511956476,6.7353072824361675,3.994689223909628,2.7406180585265396,55.4391650205636,34.565930450769486,520.7255126953125,497.82219848632815,,,IGARASHI.BO,2023-11-23 11:08:12.118393
444,2022-01-13 00:00:00+05:30,533.4210235485406,533.4210235485406,518.3001678180628,528.9296875,8855,0.0,0.0,2022-01-13,497.0062713623047,18.034768188179974,515.0410395504847,478.97150317412473,533.0758077386646,460.9367349859447,77.47207835756602,,83393,9842.08731448119,8288.10211132791,505.09967692206277,60.631070044254706,526.8836262888677,535.4670847596726,520.3462290291949,542.0044820193455,511.76277055839,550.5879404901503,505.22537329871716,-0.06301387721543551,-18.411002679225774,7.169537430472758,3.309534709277993,3.860002721194765,64.3176211546589,33.36089230633284,522.2725341796875,497.0062713623047,,,IGARASHI.BO,2023-11-23 11:08:12.118393
445,2022-01-12 00:00:00+05:30,528.7300733267608,540.9564884249256,520.1965468091219,525.8356323242188,8229,0.0,0.0,2022-01-12,496.41241760253905,17.099557473412812,513.5119750759519,479.31286012912625,530.6115325493647,462.21330265571345,100.83588746148408,,74538,9092.802932748102,7899.60581053959,504.2172574061986,66.27627930792049,528.9962225194221,537.7958982297223,517.0359566139185,549.7561641352258,508.2362809036183,558.5558398455261,496.27601499811476,-0.11592682560164859,-23.147479027888146,6.014642095341856,2.344534028979301,3.6701080663625545,63.28056319974185,32.41749376073243,520.685595703125,496.41241760253905,,,IGARASHI.BO,2023-11-23 11:08:12.118393
446,2022-01-11 00:00:00+05:30,523.2905595698861,523.2905595698861,511.26377146802787,514.2579956054688,6621,0.0,0.0,2022-01-11,496.2577178955078,16.83124616489892,513.0889640604067,479.4264717306089,529.9202102253057,462.59522556571,69.20182060781498,,66309,7154.9292737542355,7601.306529987461,503.4468143751406,63.15021514363217,516.2707755477942,521.2777796275604,509.25099152570226,528.2975636496524,504.24398744593594,533.3045677294187,497.224203423844,-0.15358959293519178,-38.37577048186396,4.749612712442911,1.4270070123886625,3.3226057000542486,59.14896914207096,31.20560588574861,514.4276733398438,496.2577178955078,,,IGARASHI.BO,2023-11-23 11:08:12.118393
447,2022-01-10 00:00:00+05:30,521.0947762243976,528.5803364703963,518.5496979242871,521.9431762695312,4663,0.0,0.0,2022-01-10,496.6794036865234,17.401929324376045,514.0813330108995,479.27747436214736,531.4832623352755,461.8755450377713,124.7515280246554,,72930,5114.337027987323,7712.900844045766,503.12765888818217,70.43555440309207,523.0244035547382,527.4991091851894,517.4684706390801,533.0550421008475,512.993765008629,537.5297477312986,507.4378320929709,-0.14505455469183734,-26.11461105954178,4.198249729177348,0.5963555873751003,3.601894141802248,63.55889259968537,30.611177479335137,510.29564208984374,496.6794036865234,,,IGARASHI.BO,2023-11-23 11:08:12.118393
448,2022-01-07 00:00:00+05:30,527.9815226432927,538.3115715453422,515.0065513874084,520.3961791992188,9620,0.0,0.0,2022-01-07,496.63698425292966,17.338021070583782,513.9750053235134,479.29896318234586,531.3130263940973,461.9609421117621,187.53170788089594,,68267,10519.857955474585,8362.541798060376,502.72816359155837,76.34356150735753,524.5714340439898,534.1363167005712,510.83129654263746,547.8764542019236,501.26641388605606,557.441336858505,487.5262763847037,-0.14546336701247653,-28.582734911680365,2.6718543332452214,-0.30411794807546166,2.975972281320683,63.04319035773883,29.18797369589179,506.22349243164064,496.63698425292966,,,IGARASHI.BO,2023-11-23 11:08:12.118393
449,2022-01-06 00:00:00+05:30,490.1045708668443,533.3711458050371,485.7130482641345,520.9949951171875,13283,0.0,0.0,2022-01-06,496.98630981445314,17.90308861193512,514.8893984263883,479.083221202518,532.7924870383234,461.1801325905829,203.42216835451356,,77887,14542.210554748315,7823.2127587068235,501.9187963557825,65.77881453415387,513.3597297287864,541.0064111934383,493.3483136525357,561.0178272696891,465.7016321878838,588.664508734341,445.69021611163305,-0.12214951783707595,-19.573828226500822,0.8294788130560846,-1.0481110184056324,1.877589831461717,63.365516329117014,27.65529269833742,498.6680603027344,496.98630981445314,,,IGARASHI.BO,2023-11-23 11:08:12.118393
450,2022-01-05 00:00:00+05:30,495.59398677339163,497.59013620026474,488.4577586640849,494.5460205078125,2549,0.0,0.0,2022-01-05,497.1160583496094,18.094622499158604,515.210680848768,479.02143585045076,533.3053033479266,460.92681335129214,77.19772506603671,,64604,2648.971290845496,6143.46330969645,500.6307000740985,49.34128125410083,493.5313051240541,498.60485158402327,489.47247404784343,502.6636826602339,484.39892758787425,507.7372291202031,480.3400965116636,-0.22550168531563256,-51.964632612927566,-1.600862304153452,-1.5175084762710616,-0.08335382788239043,53.6689209159093,26.179906287304444,491.1825012207031,497.1160583496094,,,IGARASHI.BO,2023-11-23 11:08:12.118393
451,2022-01-04 00:00:00+05:30,502.8799525035009,504.9759155020128,488.75720134265845,493.59783935546875,9913,0.0,0.0,2022-01-04,498.95501098632815,19.623976438295212,518.5789874246234,479.33103454803296,538.2029638629185,459.7070581097377,127.88717675123529,,62055,10282.034592042348,7017.086314409187,500.7105789835654,49.694890485472385,495.77698540004667,502.7967694574349,486.5780552980805,511.99569955940103,479.5582712406923,519.0154836167892,470.35934113872617,-0.19860982556023724,-61.38048647651661,-2.083356654746183,-1.4966700193004638,-0.586686635445719,53.25628629903563,26.35200542995476,488.3579528808594,498.95501098632815,,,IGARASHI.BO,2023-11-23 11:08:12.118393
452,2022-01-03 00:00:00+05:30,484.0662291883229,503.02964847611287,484.0662291883229,501.5824279785156,19997,0.0,0.0,2022-01-03,500.1177673339844,19.975651025712043,520.0934183596964,480.1421163082723,540.0690693854085,460.1664652825603,186.75669910090005,,71968,21076.9548142577,6200.849245000897,501.09324957922865,65.27575227759529,496.2261018809838,508.38597457364466,489.4225552858547,515.1895211687738,477.2626825931938,527.3493938614347,470.4591359980647,-0.14659933643090872,-56.06697542310293,-2.576148146869002,-1.349998360439034,-1.2261497864299682,57.23211477799495,26.505333153680603,485.8128601074219,500.1177673339844,,,IGARASHI.BO,2023-11-23 11:08:12.118393
453,2021-12-31 00:00:00+05:30,487.01057168867436,488.60746687322603,481.02212337013583,482.6190185546875,907,0.0,0.0,2021-12-31,499.7409942626953,20.01759262629881,519.7585868889942,479.7234016363965,539.7761795152929,459.7058090100977,-22.29168822146023,,51971,919.8402803901213,2481.8228526866956,501.03369595015624,42.3414895364724,484.0828695993498,487.1436158285638,479.5582723254736,491.66821310244,476.4975260962596,494.728959331654,471.9729288223834,-0.4278972342544702,-82.56626048254225,-3.954399040616181,-1.0434609138315418,-2.9109381267846395,48.799047614298416,26.79079694497145,481.1119323730469,499.7409942626953,,,IGARASHI.BO,2023-11-23 11:08:12.118393
454,2021-12-30 00:00:00+05:30,492.99901795295773,492.99901795295773,479.5250092923903,483.56719970703125,2420,0.0,0.0,2021-12-30,501.47015991210935,19.95430602138188,521.4244659334912,481.5158538907275,541.3787719548731,461.5615478693456,-22.12376618190624,,52878,2459.0814035050807,2872.318495760839,501.1359433477546,41.91863381510838,485.36374231745975,491.2024753425292,477.7284666819618,498.8377509780272,471.8897336568923,504.6764840030967,464.2544580213943,-0.36718422415360596,-81.24128130383122,-3.7914541955575487,-0.3157263821353819,-3.475727813422167,49.25088526127848,28.083639746402287,480.8424560546875,501.47015991210935,,,IGARASHI.BO,2023-11-23 11:08:12.118393
455,2021-12-29 00:00:00+05:30,483.8666183620584,489.4558429584751,475.63250181502644,480.42327880859375,2073,0.0,0.0,2021-12-29,502.5680419921875,19.516699735828716,522.0847417280162,483.0513422563588,541.6014414638449,463.53464252053004,-65.66188365483983,,50458,2092.7822803077797,2975.6277688247783,501.4001349814497,43.74786348190944,481.83720786069847,488.0419139063705,474.21857276292184,495.66054900414713,468.0138667172498,501.86525504981915,460.3952316194732,-0.38909015256153606,-86.60595921513674,-3.6187706180912755,0.5532055712201598,-4.171976189311435,47.7665178687097,29.475931994097035,481.471240234375,502.5680419921875,,,IGARASHI.BO,2023-11-23 11:08:12.118393
456,2021-12-28 00:00:00+05:30,481.97026374368,494.04697363542147,480.07392791643986,480.87237548828125,2357,0.0,0.0,2021-12-28,503.71582794189453,18.807961170085946,522.5237891119805,484.9078667718086,541.3317502820664,466.09990560172264,-49.802665021402184,,52531,2381.716777837616,3196.339140954028,501.67387188222415,42.36542332554633,484.99775901338086,489.92159011032186,475.94854439134025,498.97080473236247,471.02471329439925,503.89463582930347,461.97549867235864,-0.3643431932474253,-86.02083180244644,-3.033224879396869,1.5961996185480185,-4.629424497944887,47.95316805226367,31.227569743688534,481.84052734375,503.71582794189453,,,IGARASHI.BO,2023-11-23 11:08:12.118393
457,2021-12-27 00:00:00+05:30,476.78030435843993,481.2716405836589,475.9319347574673,478.0777893066406,723,0.0,0.0,2021-12-27,504.3720642089844,18.18771430337456,522.559778512359,486.18434990560985,540.7474928157335,467.9966356022353,-84.64381592963991,,50174,726.3359989180244,3399.9947317331307,501.987157038777,49.13287638761883,478.4271215492556,480.92230834104396,475.58260251485234,483.76682737544724,473.087415723064,486.2620141672356,470.2428966886607,-0.34084079258794536,-89.66189408583114,-2.2818201615012867,2.7535557430342403,-5.0353759045355275,46.75535855711666,32.75049483270247,482.110009765625,504.3720642089844,,,IGARASHI.BO,2023-11-23 11:08:12.118393
458,2021-12-24 00:00:00+05:30,506.6227284849704,506.6227284849704,479.12575197103837,481.2716369628906,1365,0.0,0.0,2021-12-24,504.08262329101564,18.667910180648676,522.7505334716643,485.41471311036696,541.418443652313,466.7468029297183,-58.12907211457926,,50897,1380.4593537185713,4068.4094149369066,502.09812639157195,52.50223670201982,489.0067058062998,498.88765964156124,471.3906831276292,516.5036823202319,461.50972929236775,526.3846361554934,443.89370661369713,-0.33098190670960076,-85.500634606182,-1.009996994768926,4.012399719168122,-5.022396713937048,47.92639389605337,35.235089052537326,483.2278564453125,504.08262329101564,,,IGARASHI.BO,2023-11-23 11:08:12.118393
459,2021-12-23 00:00:00+05:30,489.7552667110229,496.94138626454117,484.06622874635116,486.71112060546875,1452,0.0,0.0,2021-12-23,503.66842193603514,19.282462781259206,522.9508847172943,484.38595915477595,542.2333474985536,465.10349637351675,-68.68818511153319,,52262,1485.0414994463783,4740.396930241491,502.28223227757917,50.59829094231972,489.23957853878704,494.41292833122293,481.5377708130329,502.11473605697705,476.36442102059704,507.28808584941294,468.6626132948429,-0.3413649689160995,-78.41353925653995,0.31907944186792747,5.267998897652384,-4.9489194557844565,49.905696821358056,37.73404763630858,486.2420349121094,503.66842193603514,,,IGARASHI.BO,2023-11-23 11:08:12.118393
460,2021-12-22 00:00:00+05:30,488.4577593116857,501.98168997197496,481.0720125142277,482.26971435546875,3153,0.0,0.0,2021-12-22,504.4593963623047,18.87031334078119,523.3297097030859,485.5890830215235,542.2000230438671,466.7187696807423,-89.03453576467913,,50810,3195.322261641269,5554.235787940269,502.4300438240482,55.54480602463726,488.4411389472238,495.8102653802199,474.90058792247265,509.35081640497106,467.53146148947656,516.7199428379672,453.9909104647254,-0.32282083046725907,-84.20024101879166,1.480158771825245,6.505228761598498,-5.025069989773253,48.28711111586623,40.10404780715434,492.3103332519531,504.4593963623047,,,IGARASHI.BO,2023-11-23 11:08:12.118393
461,2021-12-21 00:00:00+05:30,486.76104578040486,492.79938556173346,481.0720077787454,482.21978759765625,3038,0.0,0.0,2021-12-21,505.7494064331055,18.14134145969865,523.8907478928041,487.60806497340684,542.0320893525028,469.4667235137082,-133.27804782937707,,47657,3078.4599041330903,6143.964169515019,502.85435990283247,58.85765742468745,485.3637269793783,489.65544618001127,477.9280683970232,497.0911047623664,473.63634919639026,501.38282396299934,466.2006906140351,-0.21104863738527566,-84.26529051914238,3.381676729924777,7.76149625904181,-4.379819529117033,48.26963297354793,42.65635568344977,500.40471801757815,505.7494064331055,,,IGARASHI.BO,2023-11-23 11:08:12.118393
462,2021-12-20 00:00:00+05:30,494.0469938580069,494.0469938580069,470.14309176963036,483.6670227050781,6692,0.0,0.0,2021-12-20,505.4325180053711,18.622943730571446,524.0554617359426,486.8095742747997,542.6784054665139,468.1866305442282,-205.70213918497177,,50695,6801.475127073735,6910.340235860501,503.2814789174958,64.22238680487791,482.61903611090514,495.0949804521799,471.1910783638034,506.52293819928167,458.7151340225286,518.9988825405565,447.2871762754269,-0.15865791086743083,-82.37968999644517,5.769875436822815,8.856451141321068,-3.0865757044982534,48.71299100726601,44.67675558557295,508.4991027832031,505.4325180053711,,,IGARASHI.BO,2023-11-23 11:08:12.118393
463,2021-12-17 00:00:00+05:30,518.849101288659,520.9450946804056,492.6496712329817,496.342529296875,9017,0.0,0.0,2021-12-17,,,,,,,-127.4034419295263,,57387,9404.685210990947,6937.556513057191,504.2185345438549,70.40355360263581,503.31243173675415,513.9751922405267,485.67976879310265,531.6078551841781,475.0170082893302,542.2706156879506,457.3843453456787,,-75.54068266540322,8.597540392850362,9.628095067445631,-1.030554674595269,52.63903413057583,46.85257086478253,515.9846557617187,,,,IGARASHI.BO,2023-11-23 11:08:12.118393
464,2021-12-16 00:00:00+05:30,522.0429860571073,530.8759841494793,516.403900267462,517.0526123046875,1971,0.0,0.0,2021-12-16,,,,,,,-1.9734700234186884,,66404,2141.51965838516,6320.774338573752,504.7604080316621,70.6097435495627,521.4441655738763,526.4844308802906,512.0123469982732,535.9162494558936,506.9720816918589,540.956514762308,497.5402631162558,,-34.054660388431785,10.8391972950443,9.885733736094448,0.9534635589498528,59.96921700550312,50.23694931708079,522.1926879882812,,,,IGARASHI.BO,2023-11-23 11:08:12.118393
465,2021-12-15 00:00:00+05:30,526.2348997275413,541.7050579935952,520.9950074116199,522.7416381835938,9796,0.0,0.0,2021-12-15,,,,,,,62.31147456139162,,68375,10760.602171825518,7365.5880086209,504.5727240723617,66.95682527289769,528.4805678629363,535.9661283142526,515.2560777322773,549.1906184449116,507.7705172809609,556.676178896228,494.54602715030194,,-27.562633117293736,11.505337770643735,9.647367846356985,1.8579699242867491,62.17820081673713,51.57663317486579,523.5001586914062,,,,IGARASHI.BO,2023-11-23 11:08:12.118393
466,2021-12-14 00:00:00+05:30,522.4421927608765,531.9737935767055,518.0007483420453,522.6917114257812,7690,0.0,0.0,2021-12-14,,,,,,,44.06885345086116,,58579,8446.419700722763,6516.834467819745,503.08074480590324,64.98863664283212,524.2220844481773,530.4434205543092,516.4703753196491,538.1951296828374,510.2490392135171,544.4164657889694,502.4973300849889,,-27.619606996509166,11.62359328889545,9.182875365285298,2.4407179236101513,62.166829521207646,52.45569298063366,525.216845703125,,,,IGARASHI.BO,2023-11-23 11:08:12.118393
467,2021-12-13 00:00:00+05:30,531.2751619379374,538.8605663700266,519.0986381551559,521.0947875976562,1342,0.0,0.0,2021-12-13,,,,,,,69.76789843645585,,50889,1469.501214528788,6034.438159593991,501.72945197948405,75.30735088620999,526.3513307076129,533.6040232600699,513.8420950451991,546.1132589224836,506.5894024927421,553.3659514749406,494.0801668303284,,-29.441935328773816,11.60379816660992,8.57269588438276,3.0311022822271596,61.8257912634057,53.96319246317007,524.0490966796875,,,,IGARASHI.BO,2023-11-23 11:08:12.118393
468,2021-12-10 00:00:00+05:30,523.9892121174878,546.8950384307241,520.845252477725,527.3826904296875,3846,0.0,0.0,2021-12-10,,,,,,,112.19342725237136,,52231,4262.219933149933,7175.672395860292,501.493754131654,76.36642152079601,531.7076604460455,542.5700684143659,516.5202824613668,557.7574463990445,505.6578744930464,568.619854367365,490.4704965083678,,-22.26650010792698,11.559912089080797,7.814920313825969,3.744991775254828,,55.454547658532846,518.6395324707031,,,,IGARASHI.BO,2023-11-23 11:08:12.118393
469,2021-12-09 00:00:00+05:30,531.175370128094,531.7741905839721,521.4940333070934,523.5899658203125,3616,0.0,0.0,2021-12-09,,,,,,,102.79803669142551,,48385,3978.5098840544724,7904.035511537881,500.5580885863621,,525.6193965704593,529.7447598338252,519.4646025569466,535.899553847338,515.3392392935807,540.0249171107039,509.18444528006796,,,10.709311270164221,6.878672370012261,3.8306389001519605,,56.85909858463077,516.6034606933594,,,,IGARASHI.BO,2023-11-23 11:08:12.118393
470,2021-12-08 00:00:00+05:30,517.1524604076932,542.653258300084,513.7090903078454,531.3250732421875,9334,0.0,0.0,2021-12-08,,,,,,,153.0333909849591,,52001,10421.465899502246,8885.416918408731,499.74793218330404,,529.2291406167056,544.7491909255659,515.8050229333273,558.1733086089442,500.28497262446706,573.6933589178045,486.86085494108875,,,9.831548080653931,5.921012644974271,3.9105354356796607,,59.2680018290944,512.9904357910157,,,,IGARASHI.BO,2023-11-23 11:08:12.118393
471,2021-12-07 00:00:00+05:30,496.6419838077143,522.9911501671174,494.14679702256586,516.8529663085938,3738,0.0,0.0,2021-12-07,,,,,,,80.04419871429064,,42667,4059.822205400616,8501.404673135352,496.5944412011865,,511.33030449942567,528.5138119762855,499.6694588317339,540.1746576439773,482.4859513548741,557.358165120837,470.8251056871823,,,7.796991477071174,4.943378786054355,2.853612691016819,,61.86220532313216,507.401220703125,,,,IGARASHI.BO,2023-11-23 11:08:12.118393
472,2021-12-06 00:00:00+05:30,514.2080872703344,522.1926847095705,489.2562202727215,494.0469665527344,3872,0.0,0.0,2021-12-06,,,,,,,34.21275845127657,,38929,4019.7985591875486,9611.800290069035,495.75047710062046,,501.83195717834207,514.4076940839626,481.47122964711366,534.7684216151911,468.8954927414931,547.3441585208116,448.5347652102647,,,6.499289516291526,4.22997561330015,2.2693139029913763,,66.16027420166408,502.8300476074219,,,,IGARASHI.BO,2023-11-23 11:08:12.118393
473,2021-12-03 00:00:00+05:30,506.82233009883925,524.9873021672427,506.82233009883925,517.2023315429688,8956,0.0,0.0,2021-12-03,,,,,,,,,42801,9733.639633231416,11009.800722789407,495.8273042259063,,516.3373212696836,525.8523124405278,507.6873403721245,534.5022933380869,498.17234920128016,544.0172845089313,489.52236830372107,,,6.985409110396233,3.662647137552306,3.322761972843927,,70.86130482526828,498.47844848632815,,,,IGARASHI.BO,2023-11-23 11:08:12.118393
474,2021-12-02 00:00:00+05:30,505.2753226307514,518.0007752007111,502.3809120595448,505.52484130859375,9216,0.0,0.0,2021-12-02,,,,,,,,,33845,9790.067182763913,11328.840995178905,493.3378733535723,,508.6355095229499,514.890106986355,499.2702438451887,524.2553726641163,493.0156463817836,530.5099701275213,483.6503807040224,,,5.221497355167912,2.831956644341324,2.389540710826588,,73.8485869951512,489.6355041503906,,,,IGARASHI.BO,2023-11-23 11:08:12.118393
475,2021-12-01 00:00:00+05:30,501.58244500760327,512.9605213336292,497.091108708011,503.3789978027344,15477,0.0,0.0,2021-12-01,,,,,,,,,24629,16371.277831973444,11713.534448282653,491.67844489039135,,504.47687594812487,511.86264318823874,495.9932305626205,520.3462885737431,488.60746332250665,527.732055813857,480.1238179370023,,,4.034098049887177,2.234571466634677,1.7995265832525003,,77.613599867333,489.0366577148437,,,,IGARASHI.BO,2023-11-23 11:08:12.118393
476,2021-11-30 00:00:00+05:30,479.97413256895913,510.96437127556015,479.97413256895913,493.9971008300781,4972,0.0,0.0,2021-11-30,,,,,,,,,9152,5161.2657907660405,10549.098602359954,488.2096969031038,,494.9785348915325,509.98293721410585,478.9926985075048,525.9687735981336,463.98829618493147,540.9731759207068,448.0024598009038,,,2.6640774959777787,1.7846898208215518,0.8793876751562268,,82.10437479213574,489.97484130859374,,,,IGARASHI.BO,2023-11-23 11:08:12.118393
477,2021-11-29 00:00:00+05:30,475.233273103825,492.00094671984334,459.26407754123034,472.2889709472656,9270,0.0,0.0,2021-11-29,,,,,,,,,4180,9200.008795217453,11896.056805258433,487.6004964897381,,474.51799840277977,489.7719192643292,457.0350500857162,507.2548675813928,441.78112922416676,522.5087884429422,424.2981809071032,,,1.7936459205375286,1.5648429020324948,0.22880301850503382,,87.11802422765828,486.35182495117186,,,,IGARASHI.BO,2023-11-23 11:08:12.118393
478,2021-11-26 00:00:00+05:30,495.3943998020139,497.2408441497753,466.7995647941541,472.98760986328125,7574,0.0,0.0,2021-11-26,,,,,,,,,13450,7527.933424147774,12570.068807768677,491.3392448244425,,479.00933960240354,491.219114410653,460.7778350550318,509.45061895802473,448.56806024678235,521.6603937662742,430.3365556994106,,,2.7899751658866307,1.5076421474062363,1.2823330184803945,,92.96942824276385,,,,,IGARASHI.BO,2023-11-23 11:08:12.118393
479,2021-11-25 00:00:00+05:30,505.37512810449664,508.9182810896162,494.94523535410076,502.5306091308594,4683,0.0,0.0,2021-11-25,,,,,,,,,21024,4945.240098149881,13830.602653673901,495.91296259988957,,502.1313751915254,509.3175150289501,495.34446929343466,516.1044209270408,488.15832945601,523.2905607644655,481.37142355791923,,,3.954500819098996,1.1870588927861376,2.7674419263128582,,100.0,,,,,IGARASHI.BO,2023-11-23 11:08:12.118393
480,2021-11-24 00:00:00+05:30,478.6267120102175,515.605367601432,478.52692890689855,508.0699157714844,15035,0.0,0.0,2021-11-24,,,,,,,,,25707,16051.943292554904,16051.943292554904,494.7074373069915,,500.7340707599383,522.941212612978,485.86277391844453,537.8125094544718,463.6556320654048,560.0196513075115,448.78433522391106,,,2.4759920560396154,0.4951984112079231,1.9807936448316923,,100.0,,,,,IGARASHI.BO,2023-11-23 11:08:12.118393
481,2021-11-23 00:00:00+05:30,469.095123063033,481.920389434287,463.6057120484656,475.88201904296875,10672,0.0,0.0,2021-11-23,,,,,,,,,10672,,,475.88201904296875,,473.80270684190714,483.9997016353487,465.68502424952726,492.11738422772856,455.4880294560857,502.3143790211701,447.37034686370583,,,0.0,0.0,0.0,,,,,,,IGARASHI.BO,2023-11-23 11:08:12.118393
