Trading Day,Date,Open,High,Low,Close,Volume,Dividends,Stock Splits,date_only,RollingMean,RollingStd,UpperBand1,LowerBand1,UpperBand2,LowerBand2,CCI_10,CCI_40,OBV,VPT,VPT_signal,VWAP,MFI_14,PP,R1,S1,R2,S2,R3,S3,CMF,%R,macd,macd_signal,macde_histogram,rsi,ADX,sma_5,sma_20,sma_50,sma_100,symbol,created_on
1,2025-07-29 00:00:00+05:30,1790.0,1790.050048828125,1725.25,1741.0,11158,0.0,0.0,2025-07-29,1653.2074951171876,40.49583717859006,1693.7033322957777,1612.7116579385975,1734.1991694743676,1572.2158207600075,146.2559574051501,57.77733911343154,3332701,41655.575738725274,39509.169616210325,1363.1875825020886,75.03671721040475,1752.1000162760417,1778.9500325520835,1714.1499837239585,1816.9000651041667,1687.2999674479167,1843.7500813802085,1649.3499348958335,-0.13559750703451237,-24.949882906019162,7.856634337233345,-3.3220850264501847,11.17871936368353,59.73927777295337,14.379155238553617,1689.4900146484374,1653.2074951171876,1691.5289916992188,1446.5469946289063,NIBE.BO,2025-07-29 12:11:18.836286
2,2025-07-28 00:00:00+05:30,1698.949951171875,1797.0,1670.0,1755.550048828125,23722,0.0,0.0,2025-07-28,1649.7924926757812,35.24167004455119,1685.0341627203325,1614.55082263123,1720.2758327648835,1579.309152586679,196.51463809702355,47.72371947699976,3343859,89300.22024928803,38972.56808558159,1362.9519138629532,74.29925665366278,1740.8500162760417,1811.7000325520835,1684.7000325520835,1867.8500162760417,1613.8500162760417,1938.7000325520835,1557.7000325520835,-0.1127284481076549,-18.467346932115948,2.14749212646052,-6.116764867371067,8.264256993831587,61.947921269345294,13.006737170588837,1667.210009765625,1649.7924926757812,1690.1859912109376,1438.532494506836,NIBE.BO,2025-07-29 12:11:18.836286
3,2025-07-25 00:00:00+05:30,1654.3499755859375,1669.0,1617.6500244140625,1661.050048828125,2816,0.0,0.0,2025-07-25,1644.8624877929688,25.10818739288334,1669.970675185852,1619.7543004000854,1695.0788625787354,1594.646113007202,11.228209266104122,-61.298068145157096,3320137,10030.056558982289,26390.655044654974,1362.4305810482551,67.62355177223097,1649.2333577473958,1680.816691080729,1629.4667154947915,1700.5833333333333,1597.8833821614583,1732.1666666666665,1578.116739908854,-0.20473123593627432,-55.03047106876692,-6.627437060199782,-8.182829115828964,1.5553920556291825,51.02870805433132,11.52874848201138,1643.410009765625,1644.8624877929688,1686.9579907226562,1430.866494140625,NIBE.BO,2025-07-29 12:11:18.836286
4,2025-07-24 00:00:00+05:30,1652.0,1671.1500244140625,1629.0,1648.3499755859375,2928,0.0,0.0,2025-07-24,1645.9324829101563,26.263726124532447,1672.1962090346888,1619.6687567856238,1698.4599351592212,1593.4050306610914,26.810863416364292,-62.777183626456726,3317321,10349.241268036596,30480.804666073145,1362.3835012318582,64.19163768916559,1649.5,1670.0,1627.8499755859375,1691.6500244140625,1607.3499755859375,1712.1500244140625,1585.699951171875,-0.21911922150865457,-61.48376271953901,-8.45477159372399,-8.571677129736258,0.11690553601226839,49.20993306261769,12.047784135254478,1645.539990234375,1645.9324829101563,1684.1019897460938,1424.6659936523438,NIBE.BO,2025-07-29 12:11:18.836286
5,2025-07-23 00:00:00+05:30,1614.050048828125,1652.300048828125,1609.25,1641.5,2238,0.0,0.0,2025-07-23,1648.3924865722656,28.693827842688794,1677.0863144149544,1619.698658729577,1705.7801422576433,1591.004830886888,-14.021183537487342,-81.0668198222965,3314393,7877.51035042241,35513.69551558228,1362.3366154259334,66.33659181985306,1634.3500162760417,1659.4500325520835,1616.3999837239585,1677.4000651041667,1591.2999674479167,1702.5000813802085,1573.3499348958335,-0.2015914400533248,-64.96444266631931,-9.415446145464557,-8.600903513739324,-0.8145426317252333,48.247273307884086,12.328813247189087,1654.4099853515625,1648.3924865722656,1681.4139892578125,1418.773994140625,NIBE.BO,2025-07-29 12:11:18.836286
6,2025-07-22 00:00:00+05:30,1637.699951171875,1653.25,1622.75,1629.5999755859375,6356,0.0,0.0,2025-07-22,1650.6849853515625,29.919583390615262,1680.604568742178,1620.7654019609472,1710.524152132793,1590.845818570332,-12.151523137122776,-83.09427566702053,3312155,22210.222599472014,42422.74180687224,1362.301626697632,65.85056698657186,1635.1999918619792,1647.6499837239585,1617.1499837239585,1665.6999918619792,1604.6999918619792,1678.1499837239585,1586.6499837239585,-0.23634217604967156,-71.0112052897155,-9.828123602555934,-8.397267855808014,-1.4308557467479197,46.61503060641768,13.027227474000654,1647.8099853515625,1650.6849853515625,1678.919990234375,1412.7544946289063,NIBE.BO,2025-07-29 12:11:18.836286
7,2025-07-21 00:00:00+05:30,1659.800048828125,1669.550048828125,1626.0,1636.550048828125,7756,0.0,0.0,2025-07-21,1655.5474853515625,33.94430260749775,1689.4917879590603,1621.6031827440647,1723.436090566558,1587.658880136567,17.114789869317345,-74.86496251616978,3318511,27217.930765703582,47475.8716087223,1362.2064469822994,63.095978686487896,1644.0333658854167,1662.0667317708335,1618.5166829427085,1687.5834147135417,1600.4833170572917,1705.6167805989585,1574.9666341145835,-0.19601352585774892,-67.47966269379755,-9.035592736347326,-8.039553919121035,-0.9960388172262906,47.426221723228686,13.471206053520412,1647.87998046875,1655.5474853515625,1675.219990234375,1406.8144946289062,NIBE.BO,2025-07-29 12:11:18.836286
8,2025-07-18 00:00:00+05:30,1739.949951171875,1739.949951171875,1651.0,1671.699951171875,3322,0.0,0.0,2025-07-18,1659.37998046875,35.9540948219968,1695.3340752907468,1623.4258856467534,1731.2881701127437,1587.4717908247565,131.44151016945204,-24.635232356338648,3326267,11908.195915323484,52540.35681947697,1362.0871895043206,67.56911700859607,1687.5499674479167,1724.0999348958335,1635.1499837239585,1776.4999186197917,1598.6000162760417,1813.0498860677085,1546.2000325520835,-0.18845610639426447,-49.61893331100339,-8.568487056699496,-7.790544214814462,-0.777942841885034,51.64705942805739,13.877150301961134,1647.0899658203125,1659.37998046875,1670.5419897460938,1400.9154943847657,NIBE.BO,2025-07-29 12:11:18.836286
9,2025-07-17 00:00:00+05:30,1608.5,1769.3499755859375,1595.050048828125,1692.699951171875,55433,0.0,0.0,2025-07-17,1660.8399841308594,37.056672040865614,1697.896656171725,1623.7833120899938,1734.9533282125906,1586.7266400491283,134.78025425937506,-20.955089782606926,3329589,201203.89228103228,62698.39704551533,1362.0295324655365,63.56172122313197,1685.6999918619792,1776.3499348958335,1602.050008138021,1859.9999186197917,1511.4000651041667,1950.649861653646,1427.7500813802085,-0.18101032498067485,-38.94819763240571,-11.302357484690901,-7.596058504343203,-3.7062989803476984,54.32946755973991,13.759518697690368,1631.37998046875,1660.8399841308594,1663.8259912109374,1394.6094946289063,NIBE.BO,2025-07-29 12:11:18.836286
10,2025-07-16 00:00:00+05:30,1640.0,1640.0,1600.0,1608.5,3276,0.0,0.0,2025-07-16,1660.9249877929688,37.13546765676442,1698.0604554497331,1623.7895201362044,1735.1959231064975,1586.65405247944,-77.10588837556062,-86.48643909099877,3274156,11299.337259642578,28072.02323663609,1360.9987922421242,38.44090926448916,1616.1666666666667,1632.3333333333335,1592.3333333333335,1656.1666666666667,1576.1666666666667,1672.3333333333335,1552.3333333333335,-0.3182649366343503,-72.6616340898289,-16.699474055609244,-6.669483759256278,-10.029990296352967,43.38111783985106,13.632838508475695,1615.92998046875,1660.9249877929688,1655.4179931640624,1388.635994873047,NIBE.BO,2025-07-29 12:11:18.836286
11,2025-07-15 00:00:00+05:30,1632.550048828125,1647.25,1625.0999755859375,1629.949951171875,6096,0.0,0.0,2025-07-15,1668.3299865722656,40.72401335389117,1709.0539999261568,1627.6059732183744,1749.778013280048,1586.8819598644832,-29.783954943930272,-69.54953086396517,3277432,21306.260903400125,32265.194730884465,1360.9531899446463,37.546422246084134,1634.0999755859375,1643.0999755859375,1620.949951171875,1656.25,1611.949951171875,1665.25,1598.7999267578125,-0.34842448330368586,-58.23941598060374,-15.063976988484683,-4.161986185168036,-10.901990803316647,45.98905800101138,13.112269513046382,1620.9499755859374,1668.3299865722656,1649.6129931640626,1384.0804943847656,NIBE.BO,2025-07-29 12:11:18.836286
12,2025-07-14 00:00:00+05:30,1648.75,1649.0,1600.25,1632.5999755859375,11638,0.0,0.0,2025-07-14,1677.014990234375,49.651607151210314,1726.6665973855854,1627.3633830831648,1776.3182045367957,1577.7117759319544,-57.91978073305234,-77.32180532826308,3283528,40742.35717207573,35004.92818775555,1360.8609314333205,29.338416303831366,1627.2833251953125,1654.316650390625,1605.566650390625,1676.0333251953125,1578.5333251953125,1703.066650390625,1556.816650390625,-0.3287472381294577,-60.42838434411038,-14.854298252980016,-1.4364884843388737,-13.417809768641142,46.30842555593078,13.057214154240851,1619.5099853515626,1677.014990234375,1643.0029931640624,1379.9169946289062,NIBE.BO,2025-07-29 12:11:18.836286
13,2025-07-11 00:00:00+05:30,1625.449951171875,1632.949951171875,1572.550048828125,1593.1500244140625,14552,0.0,0.0,2025-07-11,1684.7999938964845,54.30901101003671,1739.1090049065212,1630.4909828864477,1793.4180159165578,1576.1819718764111,-154.1523257201087,-102.54121304693565,3271890,49712.7025878657,33570.570941675505,1360.6828866357237,20.10276717726309,1599.5500081380208,1626.5499674479165,1566.1500651041665,1659.9499104817708,1539.1501057942708,1686.9498697916665,1505.7501627604165,-0.35186482115320283,-88.39110664731335,-14.621768060378145,1.9179639578214118,-16.539732018199558,40.60693415611903,12.997923767834894,1623.5,1684.7999938964845,1637.4569946289062,1376.3929943847656,NIBE.BO,2025-07-29 12:11:18.836286
14,2025-07-10 00:00:00+05:30,1640.0,1640.0,1611.25,1615.449951171875,2711,0.0,0.0,2025-07-10,1699.6824951171875,67.13945962456948,1766.821954741757,1632.543035492618,1833.9614143663264,1565.4035758680486,-146.61618844965824,-76.36128925303096,3286442,9390.982653176674,29535.038030127955,1360.492279527622,35.0272981328999,1622.2333170572917,1633.2166341145835,1604.4666341145835,1650.9833170572917,1593.4833170572917,1661.9666341145835,1575.7166341145835,-0.3807648595734636,-96.26587667339678,-10.217294545947425,6.052896962371301,-16.270191508318725,43.00390879179758,12.516457463001418,1639.939990234375,1699.6824951171875,1632.7859936523437,1374.4199938964844,NIBE.BO,2025-07-29 12:11:18.836286
15,2025-07-09 00:00:00+05:30,1618.050048828125,1659.0,1618.050048828125,1633.5999755859375,7420,0.0,0.0,2025-07-09,1714.6149963378907,79.4939840000647,1794.1089803379555,1635.121012337826,1873.6029643380202,1555.6270283377612,-145.7275284128048,-57.91451276301385,3289153,25991.876616716683,34571.051874365774,1360.4533285122113,33.751716401551064,1636.8833414713542,1655.7166341145835,1614.7666829427085,1677.8332926432292,1595.9333902994792,1696.6665852864585,1573.8167317708335,-0.33649825104124614,-83.83009011209228,-6.619631173378366,10.120444839450984,-16.74007601282935,45.01197674815354,12.740506869103442,1647.710009765625,1714.6149963378907,1626.823994140625,1372.1609948730468,NIBE.BO,2025-07-29 12:11:18.836286
16,2025-07-08 00:00:00+05:30,1640.050048828125,1672.6500244140625,1610.0,1622.75,3040,0.0,0.0,2025-07-08,1727.9199951171875,87.12336184972578,1815.0433569669133,1640.7966332674616,1902.166718816639,1553.6732714177358,-205.08169494063148,-53.61500711382615,3281733,10578.235092603356,36715.84568877804,1360.339066308397,23.046836495599095,1635.1333414713542,1660.2666829427085,1597.616658528646,1697.7833658854167,1572.4833170572917,1722.916707356771,1534.9666341145835,-0.33294503235207423,-92.37668161434978,-3.7007368178624347,14.30546384265832,-18.006200660520754,43.54874712663665,13.120129654248412,1654.5800048828125,1727.9199951171875,1621.8449951171874,1370.8494946289063,NIBE.BO,2025-07-29 12:11:18.836286
17,2025-07-07 00:00:00+05:30,1703.6500244140625,1703.6500244140625,1647.550048828125,1652.550048828125,9654,0.0,0.0,2025-07-07,1737.7174926757812,85.67981301275016,1823.3973056885313,1652.037679663031,1909.0771187012815,1566.3578666502808,-68.10651796584968,-17.811290800763214,3284773,34209.752251714286,43250.248337821715,1360.2940849293725,20.1695163295537,1667.9167073567708,1688.2833658854165,1632.183390299479,1724.0166829427083,1611.8167317708333,1744.383341471354,1576.0834147135415,-0.1931098697338292,-97.01403316930927,1.1609624422521847,18.807014007788506,-17.64605156553632,46.7193591029877,13.528954192096844,1664.5699951171875,1737.7174926757812,1616.47599609375,1370.5359948730468,NIBE.BO,2025-07-29 12:11:18.836286
18,2025-07-04 00:00:00+05:30,1679.949951171875,1700.0,1663.5999755859375,1675.3499755859375,11440,0.0,0.0,2025-07-04,1739.009991455078,84.51447533680208,1823.52446679188,1654.495516118276,1908.0389421286823,1569.981040781474,-27.621980498040784,-1.6865811390655188,3294427,41097.89529293765,45510.37235934858,1360.1349064291583,19.828775389145562,1679.6499837239583,1695.699991861979,1659.2999674479165,1716.0500081380208,1643.2499593098958,1732.1000162760415,1622.899943033854,-0.1925106946387219,-85.26164210119913,4.432967103685996,23.218526899172584,-18.785559795486588,49.267737711446195,14.427983612514476,1665.4499755859374,1739.009991455078,1611.8369946289063,1369.1044946289062,NIBE.BO,2025-07-29 12:11:18.836286
19,2025-07-03 00:00:00+05:30,1676.0,1676.0,1650.0,1654.300048828125,3271,0.0,0.0,2025-07-03,1739.0349914550782,84.4947247720467,1823.529716227125,1654.5402666830314,1908.0244409991715,1570.0455419109849,-114.21839240418457,-8.5294464159448,3282987,11603.335239403144,46613.491625951305,1359.9313301752838,11.025355490062339,1660.1000162760417,1670.2000325520835,1644.2000325520835,1686.1000162760417,1634.1000162760417,1696.2000325520835,1618.2000325520835,-0.2085741305577075,-98.27929235372935,6.309511086438306,27.91491684804423,-21.605405761605923,46.7789786822621,15.056725858670388,1666.869970703125,1739.0349914550782,1608.2369946289064,1366.7229943847656,NIBE.BO,2025-07-29 12:11:18.836286
20,2025-07-02 00:00:00+05:30,1695.0999755859375,1700.0,1652.050048828125,1667.949951171875,12523,0.0,0.0,2025-07-02,1740.089990234375,83.50699619338754,1823.5969864277624,1656.5829940409874,1907.10398262115,1573.0759978475999,-86.96552810956928,6.4534092728589565,3286258,44789.82945244979,55366.030722588344,1359.876961778227,6.9175005218641985,1673.3333333333333,1694.6166178385415,1646.6666666666665,1721.2832845052083,1625.3833821614583,1742.5665690104165,1598.7167154947915,-0.2097912388132645,-95.36378346478274,10.689556228588572,33.316268288445706,-22.626712059857134,48.20283804852109,16.195463819710376,1675.519970703125,1740.089990234375,1605.4159936523438,1363.8679943847656,NIBE.BO,2025-07-29 12:11:18.836286
21,2025-07-01 00:00:00+05:30,1659.0,1693.699951171875,1655.050048828125,1672.699951171875,4934,0.0,0.0,2025-07-01,1741.2824951171874,82.58782938843635,1823.8703245056238,1658.694665728751,1906.4581538940602,1576.1068363403147,-94.49512201841152,11.408659161542928,3298781,17697.226227225758,58010.081040122976,1359.6589682852527,29.613855549821423,1673.816650390625,1692.583251953125,1653.933349609375,1712.466552734375,1635.166748046875,1731.233154296875,1615.283447265625,-0.21634551581398628,-94.7048819298131,14.791069759630318,38.972946303409984,-24.181876543779666,48.68164214248274,17.382440124623734,1679.3999755859375,1741.2824951171874,1602.9019946289063,1360.385994873047,NIBE.BO,2025-07-29 12:11:18.836286
22,2025-06-30 00:00:00+05:30,1682.0,1690.0,1654.4000244140625,1656.949951171875,7451,0.0,0.0,2025-06-30,1743.35,81.28791939987248,1824.6379193998723,1662.0620806001275,1905.925838799745,1580.7741612002549,-113.46178828623275,11.616303123389045,3293847,26473.5368813123,68088.29474334727,1359.5716705523478,41.354600441242425,1667.1166585286458,1679.833292643229,1644.2333170572915,1702.7166341145833,1631.5166829427083,1715.4332682291665,1608.633341471354,-0.1380999209242995,-99.26334635910287,19.350339814378685,45.0184154393549,-25.66807562497621,47.06263089812705,18.665567600529688,1690.22998046875,1743.35,1598.8249951171874,1357.5509948730469,NIBE.BO,2025-07-29 12:11:18.836286
23,2025-06-27 00:00:00+05:30,1697.5,1704.050048828125,1668.6500244140625,1682.449951171875,10016,0.0,0.0,2025-06-27,1744.175,80.44423595049362,1824.6192359504935,1663.7307640495064,1905.0634719009872,1583.2865280990127,-79.36311472406452,23.27169662277053,3301298,36134.702456071136,78491.98420885601,1359.4463825846412,51.842116267801934,1685.0500081380208,1701.449991861979,1666.0499674479165,1720.4500325520833,1649.6499837239583,1736.8500162760415,1630.649943033854,-0.17521221583551544,-94.98359942278132,26.4455364781943,51.43543434559895,-24.98989786740465,49.40594929112921,19.98445991529558,1701.47998046875,1744.175,1593.6649951171876,1355.5204956054688,NIBE.BO,2025-07-29 12:11:18.836286
24,2025-06-26 00:00:00+05:30,1680.1500244140625,1710.0,1665.6500244140625,1697.550048828125,5642,0.0,0.0,2025-06-26,1748.1275024414062,79.1839814066266,1827.3114838480328,1668.9435210347797,1906.4954652546594,1589.759539628153,-73.50067314086914,28.620196991511694,3311314,20537.315857485686,89081.30464705224,1359.2633479734784,51.66560504945457,1691.0666910807292,1716.483357747396,1672.1333821614585,1735.4166666666667,1646.7167154947917,1760.8333333333335,1627.783406575521,-0.24023603873168214,-90.4747619920678,32.61748468447081,57.68290881245011,-25.0654241279793,50.79667824597616,21.411942560334236,1705.1699951171875,1748.1275024414062,1586.8099951171876,1352.5429956054688,NIBE.BO,2025-07-29 12:11:18.836286
25,2025-06-25 00:00:00+05:30,1724.300048828125,1724.300048828125,1676.449951171875,1687.3499755859375,15957,0.0,0.0,2025-06-25,1755.9599975585938,81.62761442162841,1837.5876119802222,1674.3323831369655,1919.2152264018507,1592.704768715337,-78.73164753423218,33.15997643976199,3305672,57735.69895579298,106217.30184444388,1359.1553319362035,54.60556458706067,1696.0333251953125,1715.61669921875,1667.7666015625,1743.8834228515625,1648.1832275390625,1763.466796875,1619.91650390625,-0.025856196089505904,-90.90118382146099,38.53811353265655,63.94926484444493,-25.41115131178838,49.91231072150758,22.949231562683558,1704.539990234375,1755.9599975585938,1578.3779931640624,1348.7554956054687,NIBE.BO,2025-07-29 12:11:18.836286
26,2025-06-24 00:00:00+05:30,1750.0,1750.0,1670.0,1726.8499755859375,9576,0.0,0.0,2025-06-24,1759.8899963378906,80.02691900300496,1839.9169153408955,1679.8630773348857,1919.9438343439006,1599.8361583318806,-74.56700489845016,43.5918577270682,3321629,35459.022514819844,118337.7025666066,1358.8586812593978,54.68602128764511,1715.6166585286458,1761.2333170572915,1681.2333170572915,1795.6166585286458,1635.6166585286458,1841.2333170572915,1601.2333170572915,0.03162290785109022,-79.20707121020395,46.5389544449788,70.30205267239202,-23.763098227413224,53.36117400900582,24.44914850450725,1718.389990234375,1759.8899963378906,1568.9349926757814,1344.6364953613281,NIBE.BO,2025-07-29 12:11:18.836286
27,2025-06-23 00:00:00+05:30,1700.0,1755.949951171875,1687.0,1713.199951171875,19039,0.0,0.0,2025-06-23,1757.6424987792968,81.61901719221184,1839.2615159715087,1676.023481587085,1920.8805331637204,1594.4044643948732,-88.42278285744051,47.216477744376256,3312053,69942.34682849172,139057.37257955328,1358.6589620070688,56.57942024955862,1718.7166341145833,1750.4332682291665,1681.4833170572915,1787.6665852864583,1649.7666829427083,1819.3832194010415,1612.5333658854165,0.1481690715589969,-83.157301997424,52.187168121437026,76.24282722924534,-24.05565910780831,52.30361492401007,26.06444367262507,1733.75,1757.6424987792968,1557.5449926757813,1340.79349609375,NIBE.BO,2025-07-29 12:11:18.836286
28,2025-06-20 00:00:00+05:30,1700.0,1733.0,1675.6500244140625,1700.9000244140625,7165,0.0,0.0,2025-06-20,1752.075,88.33186370697193,1840.406863706972,1663.743136293028,1928.738727413944,1575.4112725860562,-98.00494473700837,43.2070226559798,3293014,26132.62252691302,156336.1290173187,1358.2759805784428,60.520799753638656,1703.183349609375,1730.7166748046875,1673.36669921875,1760.5333251953125,1645.8333740234375,1788.066650390625,1616.0167236328125,,-75.18504270546126,59.97219912493233,82.2567420061974,-22.284542881265068,51.38115080524364,27.582562959764847,1748.77001953125,1752.075,1546.7499926757812,1337.59849609375,NIBE.BO,2025-07-29 12:11:18.836286
29,2025-06-19 00:00:00+05:30,1771.4000244140625,1777.25,1666.199951171875,1694.4000244140625,34451,0.0,0.0,2025-06-19,1743.3099975585938,101.40678840926955,1844.7167859678634,1641.903209149324,1946.1235743771329,1540.4964207400546,-86.3429324689349,49.07553702612765,3285849,125171.5974634975,188887.0056399201,1358.136639956039,57.95014373390019,1712.6166585286458,1759.0333658854165,1647.9833170572915,1823.6667073567708,1601.5666097005208,1870.0834147135415,1536.9332682291665,,-76.81595456185477,70.24208464911726,87.82787772651366,-17.585793077396403,50.915314219142466,29.477881987266592,1786.7500244140624,1743.3099975585938,1536.7379931640626,1335.09599609375,NIBE.BO,2025-07-29 12:11:18.836286
30,2025-06-18 00:00:00+05:30,1796.699951171875,1815.0,1743.449951171875,1756.5999755859375,23837,0.0,0.0,2025-06-18,1734.4874938964845,112.90928626935093,1847.3967801658355,1621.5782076271335,1960.3060664351863,1508.6689213577827,-25.708822338265776,75.61079307089868,3320300,89786.79761987105,204815.85768402574,1357.4778071787205,55.37802519638657,1771.6833089192708,1799.9166666666665,1728.3666178385415,1843.2333577473958,1700.1332600911458,1871.4667154947915,1656.8165690104165,,-61.209394895191984,82.96652771191293,92.22432599586276,-9.257798283949825,55.65351980781236,31.518994786114625,1830.6900146484375,1734.4874938964845,1528.1189916992187,1333.0979956054687,NIBE.BO,2025-07-29 12:11:18.836286
31,2025-06-17 00:00:00+05:30,1799.949951171875,1822.0,1788.050048828125,1803.6500244140625,11765,0.0,0.0,2025-06-17,1726.1674926757812,117.24179161572107,1843.4092842915022,1608.9257010600602,1960.6510759072235,1491.683909444339,9.527125424631883,93.54695269088676,3344137,45502.181321986,233573.1227000644,1356.9360054582967,65.64827276708331,1804.5666910807292,1821.0833333333335,1787.1333821614585,1838.5166422526042,1770.6167399088542,1855.0332845052085,1753.1834309895835,,-49.40408989862545,91.87484935550538,94.53877556685019,-2.6639262113448154,59.545771906873284,32.78912550217671,1859.310009765625,1726.1674926757812,1517.0629931640624,1331.19849609375,NIBE.BO,2025-07-29 12:11:18.836286
32,2025-06-16 00:00:00+05:30,1877.300048828125,1899.9000244140625,1727.75,1788.300048828125,48376,0.0,0.0,2025-06-16,1719.677490234375,116.31587970515584,1835.9933699395308,1603.3616105292192,1952.3092496446866,1487.0457308240634,17.68510383358292,99.56735035104705,3332372,185506.16925028322,280590.858044584,1356.6365063586868,68.2339850483063,1805.3166910807292,1882.8833821614585,1710.733357747396,1977.4667154947917,1633.1666666666667,2055.033406575521,1538.5833333333335,,-53.25554484915719,97.25444044861547,95.20475711968639,2.0496833289290777,58.67010961745631,33.56389263623575,1862.3199951171875,1719.677490234375,1503.9199926757813,1329.1474963378905,NIBE.BO,2025-07-29 12:11:18.836286
33,2025-06-13 00:00:00+05:30,1850.0,1995.0,1850.0,1890.800048828125,118288,0.0,0.0,2025-06-13,1709.969989013672,118.37088704318488,1828.3408760568568,1591.599101970487,1946.7117631000417,1473.2282149273021,100.98131878873494,151.9939787533908,3380748,479594.6247422922,304362.03024315916,1355.4432101891205,75.55778331631711,1911.933349609375,1973.86669921875,1828.86669921875,2056.933349609375,1766.933349609375,2118.86669921875,1683.86669921875,,-27.537319421413436,104.18013511873346,94.69233628745413,9.487798831279335,67.76527826818244,34.39825724214549,1840.339990234375,1709.969989013672,1490.1069921875,1327.02849609375,NIBE.BO,2025-07-29 12:11:18.836286
34,2025-06-12 00:00:00+05:30,1978.050048828125,2000.0,1853.9000244140625,1914.0999755859375,94772,0.0,0.0,2025-06-12,1691.3424865722657,117.72828614166644,1809.070772713932,1573.6142004305993,1926.7990588555986,1455.8859142889328,141.8831663205607,168.73763216505532,3499036,388984.84081066883,260553.8816183759,1351.7998463998847,86.08149066663887,1922.6666666666667,1991.433308919271,1845.3333333333335,2068.7666422526045,1776.5666910807292,2137.5332845052085,1699.233357747396,,-21.682984038398715,101.37393912640391,92.32038657963429,9.053552546769623,70.05771412080742,33.51958274133829,1797.3499755859375,1691.3424865722657,1473.1989916992188,1323.8239953613281,NIBE.BO,2025-07-29 12:11:18.836286
35,2025-06-11 00:00:00+05:30,1873.949951171875,2000.550048828125,1846.0,1899.699951171875,83087,0.0,0.0,2025-06-11,1671.3349853515624,111.72811180940406,1783.0630971609664,1559.6068735421584,1894.7912089703705,1447.8787617327544,167.4867221584379,179.81135490046404,3404264,338459.0281488745,228446.14182030264,1348.7170757980416,82.45647483148318,1915.4166666666667,1984.8333333333335,1830.2832845052085,2069.966715494792,1760.8666178385417,2139.3833821614585,1675.7332356770835,,-19.169374441390946,93.95049936270607,90.05699844294188,3.893500919764193,69.46491021698168,32.51040799362256,1749.6099853515625,1671.3349853515624,1454.8299926757813,1320.4579956054688,NIBE.BO,2025-07-29 12:11:18.836286
36,2025-06-10 00:00:00+05:30,1732.3499755859375,1846.199951171875,1730.0,1818.699951171875,102108,0.0,0.0,2025-06-10,1652.189990234375,103.00233023241562,1755.1923204667908,1549.1876600019593,1858.1946506992062,1446.1853297695438,98.04821691493972,135.90292612592552,3321177,398206.95225430577,200942.92023815963,1346.0560038649123,76.84849384735278,1798.2999674479167,1866.5999348958335,1750.3999837239585,1914.4999186197917,1682.1000162760417,1982.7998860677085,1634.2000325520835,,-9.34825543120474,84.44093874598207,89.08362321300082,-4.6426844670187535,65.94307186280983,31.423604419159464,1708.0300048828126,1652.189990234375,1437.4129931640625,1316.9489965820312,NIBE.BO,2025-07-29 12:11:18.836286
37,2025-06-09 00:00:00+05:30,1691.050048828125,1724.949951171875,1668.9000244140625,1678.4000244140625,12156,0.0,0.0,2025-06-09,1633.4849914550782,105.11913745753405,1738.6041289126122,1528.3658539975443,1843.7232663701463,1423.24671654001,-43.327390407041115,90.64637481198248,3219069,43749.60958454148,151626.91223412307,1343.2339540964463,68.7298491719504,1690.75,1712.5999755859375,1656.550048828125,1746.7999267578125,1634.7000732421875,1768.64990234375,1600.5001220703125,,-46.29359493293285,78.96368403599513,90.24429432975549,-11.280610293760361,58.18639282711378,31.224724468282982,1687.1000244140625,1633.4849914550782,1420.6369946289062,1313.867996826172,NIBE.BO,2025-07-29 12:11:18.836286
38,2025-06-06 00:00:00+05:30,1681.050048828125,1744.75,1656.0,1675.8499755859375,34531,0.0,0.0,2025-06-06,1619.697491455078,116.39681376418234,1736.0943052192604,1503.3006776908958,1852.4911189834427,1386.9038639267135,-23.261231257582246,95.3193681935603,3206913,124088.72038078817,178596.23789651846,1342.9955408654769,71.18020417468477,1692.1999918619792,1728.3999837239585,1639.6499837239585,1780.9499918619792,1603.4499918619792,1817.1499837239585,1550.8999837239585,,-46.96510219511192,84.5721358071446,93.06444690319559,-8.492311096050983,58.02504675572575,32.06983066868519,1686.110009765625,1619.697491455078,1405.733994140625,1312.512996826172,NIBE.BO,2025-07-29 12:11:18.836286
39,2025-06-05 00:00:00+05:30,1714.199951171875,1719.0,1655.0,1675.4000244140625,15093,0.0,0.0,2025-06-05,1602.6999938964843,131.594622589375,1734.2946164858593,1471.1053713071094,1865.8892390752344,1339.5107487177343,-8.394154105766972,95.54371240554961,3172382,54222.82027990053,192223.11727545102,1342.3216003624873,71.64571369529624,1683.1333414713542,1711.2666829427085,1647.2666829427085,1747.1333414713542,1619.1333414713542,1775.2666829427085,1583.2666829427085,,-47.08358834965438,90.72239878044479,95.18752467720833,-4.4651258967635385,57.998488880511694,32.979945038349115,1703.2400146484374,1602.6999938964843,1389.993994140625,1311.610997314453,NIBE.BO,2025-07-29 12:11:18.836286
40,2025-06-04 00:00:00+05:30,1720.0,1755.0,1675.0,1691.800048828125,16238,0.0,0.0,2025-06-04,1582.5449951171875,149.52206296315697,1732.0670580803444,1433.0229321540305,1881.5891210435013,1283.5008691908736,27.694858053501786,111.61161137367452,3187475,58907.36321074104,226723.19152433865,1342.0265714080847,73.64950500331182,1707.2666829427083,1739.5333658854165,1659.5333658854165,1787.2666829427083,1627.2666829427083,1819.5333658854165,1579.5333658854165,,-42.76495124259381,97.26633067560556,96.30380615139921,0.9625245242063443,59.2675027968142,34.20383193594246,1739.0,1582.5449951171875,1373.416993408203,1311.4174975585938,NIBE.BO,2025-07-29 12:11:18.836286
41,2025-06-03 00:00:00+05:30,1602.0,1754.0,1602.0,1714.050048828125,86586,0.0,0.0,2025-06-03,1563.8674926757812,158.23338769978255,1722.1008803755637,1405.6341049759988,1880.3342680753462,1247.4007172762163,18.312951311482443,110.08215949982652,3203713,318243.2413110956,268677.14860273805,1341.6929329989089,74.36751139417521,1690.0166829427083,1778.0333658854165,1626.0333658854165,1842.0166829427083,1538.0166829427083,1930.0333658854165,1474.0333658854165,,-36.34593133227915,102.55566030854584,96.06317502034761,6.492485288198225,60.94749414242797,35.25621232256464,1753.82998046875,1563.8674926757812,1355.7059924316407,1311.3239965820312,NIBE.BO,2025-07-29 12:11:18.836286
42,2025-06-02 00:00:00+05:30,1699.949951171875,1709.5999755859375,1673.449951171875,1673.449951171875,40180,0.0,0.0,2025-06-02,1543.1374877929688,164.55449724535046,1707.6919850383192,1378.5829905476185,1872.2464822836698,1214.0284933022679,17.874825831258597,113.46108643034245,3117127,144181.87661213594,256285.62542564858,1339.7893204217953,72.1500913206769,1685.4999593098958,1697.5499674479165,1661.399943033854,1721.6499837239583,1649.3499348958333,1733.699991861979,1625.2499186197915,,-41.63308549057009,105.58244354604426,94.44005369829806,11.142389847746202,58.97721913884052,36.39792982729183,1747.3999755859375,1543.1374877929688,1336.7829919433593,1310.5799963378906,NIBE.BO,2025-07-29 12:11:18.836286
43,2025-05-30 00:00:00+05:30,1761.5,1817.1500244140625,1761.5,1761.5,67252,0.0,0.0,2025-05-30,1527.2299926757812,166.65850145805635,1693.8884941338376,1360.5714912177248,1860.5469955918938,1193.9129897596686,103.3377144404319,161.10342886187627,3157307,254024.65197717713,284311.5626290267,1338.995873905176,76.94919786805312,1780.0500081380208,1798.6000162760415,1742.949991861979,1835.7000325520833,1724.3999837239583,1854.250040690104,1687.2999674479165,,-20.682722282655174,111.85640377010805,91.6544562363615,20.201947533746548,65.6469983521599,36.700265311653745,1733.07998046875,1527.2299926757812,1319.3429931640626,1310.8924963378906,NIBE.BO,2025-07-29 12:11:18.836286
44,2025-05-29 00:00:00+05:30,1828.949951171875,1854.199951171875,1781.4000244140625,1854.199951171875,179369,0.0,0.0,2025-05-29,1507.134991455078,161.06018340217494,1668.195174857253,1346.074808052903,1829.255358259428,1185.0146246507281,170.0852273141537,193.14215498676793,3224559,713168.1927498977,291883.2902919891,1337.3074909537304,84.64392045153926,1829.9333089192708,1878.466593424479,1805.6666666666665,1902.7332356770833,1757.1333821614583,1951.2665201822915,1732.866739908854,,-0.0,109.5225843425394,86.60396935292485,22.918614989614554,73.807003463217,35.70763940118817,1685.8999755859375,1507.134991455078,1300.9809936523438,1310.1544958496095,NIBE.BO,2025-07-29 12:11:18.836286
45,2025-05-28 00:00:00+05:30,1732.449951171875,1765.949951171875,1700.050048828125,1765.949951171875,51041,0.0,0.0,2025-05-28,1480.2924926757812,144.00678749431,1624.2992801700912,1336.2857051814713,1768.3060676644013,1192.278917687161,152.49912764489915,165.9264534199981,3045190,193279.40447749497,186562.0646775119,1331.7390193812998,79.0381242091923,1743.9833170572917,1787.9165852864585,1722.0166829427085,1809.8832194010417,1678.0834147135417,1853.8164876302085,1656.1167805989585,,-0.0,95.745614515429,80.8743156055212,14.871298909907793,70.57357416141048,34.317502263493566,1618.6499755859375,1480.2924926757812,1281.6519946289063,1308.36849609375,NIBE.BO,2025-07-29 12:11:18.836286
46,2025-05-27 00:00:00+05:30,1681.9000244140625,1681.9000244140625,1640.550048828125,1681.9000244140625,147401,0.0,0.0,2025-05-27,1461.2274963378907,128.61590277330728,1589.8433991111979,1332.6115935645835,1718.4593018845053,1203.995690791276,115.83176641335828,139.6600927474686,2994149,531604.4650026825,184882.72972751613,1330.4038334603943,75.71955484680048,1668.11669921875,1695.683349609375,1654.3333740234375,1709.4666748046875,1626.7667236328125,1737.0333251953125,1612.9833984375,,-12.750589184976247,85.34751504715246,77.15649087804425,8.191024169108204,66.96728287274001,33.28206727147084,1583.4999755859376,1461.2274963378907,1264.643995361328,1307.8049963378905,NIBE.BO,2025-07-29 12:11:18.836286
47,2025-05-26 00:00:00+05:30,1601.8499755859375,1601.8499755859375,1601.8499755859375,1601.8499755859375,14266,0.0,0.0,2025-05-26,1444.8474975585937,119.57600218246814,1564.4234997410617,1325.2714953761256,1683.99950192353,1205.6954931936573,65.37947195088928,115.57216213193043,2846748,49001.80433714099,98202.29590872454,1327.2545140297761,63.219985248054364,1601.8499755859375,1601.8499755859375,1601.8499755859375,1601.8499755859375,1601.8499755859375,1601.8499755859375,1601.8499755859375,,-27.961999888657957,79.01929692305066,75.10873483576721,3.910562087283452,62.95188755188505,32.688089630463004,1581.8899658203125,1444.8474975585937,1249.7319946289062,1307.8574963378906,NIBE.BO,2025-07-29 12:11:18.836286
48,2025-05-23 00:00:00+05:30,1525.5999755859375,1550.0,1474.449951171875,1525.5999755859375,23044,0.0,0.0,2025-05-23,1435.7849975585937,113.77854106968583,1549.5635386282795,1322.0064564889078,1663.3420796979653,1208.227915419222,-15.080559068812793,81.91848089209415,2832482,75385.28010568692,110502.41880162041,1327.0161899090133,61.00313281243759,1516.6833089192708,1558.9166666666665,1483.3666178385415,1592.2333577473958,1441.1332600911458,1634.4667154947915,1407.8165690104165,,-42.45131105255344,77.6037149377953,74.13109431394635,3.472620623848954,58.48871110269702,32.63653265895617,1580.3499755859375,1435.7849975585937,1237.375994873047,1309.07599609375,NIBE.BO,2025-07-29 12:11:18.836286
49,2025-05-22 00:00:00+05:30,1538.949951171875,1559.1500244140625,1510.699951171875,1517.949951171875,41638,0.0,0.0,2025-05-22,1434.2724975585938,112.71787672987229,1546.9903742884662,1321.5546208287215,1659.7082510183384,1208.8367440988493,18.15928378073749,89.90209416163472,2809438,135529.96513280852,119281.70347560379,1326.7373959493923,65.99626303403068,1529.2666422526042,1547.8333333333335,1499.383260091146,1577.7167154947917,1480.8165690104167,1596.283406575521,1450.9331868489585,,-43.904997402019,82.12499686670617,73.2629391579841,8.862057708722062,58.01753549007256,33.014346967401885,1578.87998046875,1434.2724975585938,1226.7279956054688,1310.8274963378906,NIBE.BO,2025-07-29 12:11:18.836286
50,2025-05-21 00:00:00+05:30,1749.0,1749.0,1590.199951171875,1590.199951171875,52254,0.0,0.0,2025-05-21,1434.0375,112.53899911795526,1546.576499117955,1321.4985008820447,1659.1154982359103,1208.9595017640895,106.1759448554516,138.0652468565796,2851076,178180.13758123698,115219.6380613026,1326.251110746517,73.34029822699549,1643.13330078125,1696.066650390625,1537.2666015625,1801.933349609375,1484.333251953125,1854.86669921875,1378.466552734375,,-30.17578125,87.42270118212537,71.04742473080358,16.37527645132178,64.43117211551446,32.850740885659164,1578.07998046875,1434.0375,1215.3199963378906,1312.3169970703125,NIBE.BO,2025-07-29 12:11:18.836286
51,2025-05-20 00:00:00+05:30,1639.75,1673.8499755859375,1606.0999755859375,1673.8499755859375,38067,0.0,0.0,2025-05-20,1431.6400024414063,109.50697508097582,1541.146977522382,1322.1330273604306,1650.653952603358,1212.6260522794546,130.92733901684667,143.84985828002422,2903330,136632.24227874522,99479.513181319,1325.406002410116,88.07046827792367,1651.2666422526042,1696.433308919271,1628.683308919271,1719.0166422526042,1583.5166422526042,1764.183308919271,1560.933308919271,,-0.0,85.7652513862281,66.95360561797314,18.811645768254962,73.121441269981,31.28048920771809,1563.4,1431.6400024414063,1201.5649975585939,1313.100498046875,NIBE.BO,2025-07-29 12:11:18.836286
52,2025-05-19 00:00:00+05:30,1519.5999755859375,1594.1500244140625,1519.0,1594.1500244140625,51665,0.0,0.0,2025-05-19,1421.3900024414063,94.16151723922502,1515.5515196806314,1327.2284852021812,1609.7130369198562,1233.0669679629564,108.55033634805069,116.59074744826916,2865263,176609.32761534193,90191.33090696242,1324.5913565196784,86.70676799519948,1569.1000162760417,1619.2000325520835,1544.050008138021,1644.2500406901042,1493.9499918619792,1694.350056966146,1468.8999837239585,,-0.0,74.10547990394116,62.25069417590939,11.854785728031771,69.47946577347648,30.06908441053707,1517.55,1421.3900024414063,1186.8789978027344,1313.4414978027344,NIBE.BO,2025-07-29 12:11:18.836286
53,2025-05-16 00:00:00+05:30,1514.8499755859375,1574.0,1494.5,1518.25,23256,0.0,0.0,2025-05-16,1411.6299987792968,84.9810543983224,1496.6110531776192,1326.6489443809744,1581.5921075759416,1241.667889982652,109.20208560855811,105.41704027081516,2813598,75712.27948512684,68586.83172986755,1323.7332973286823,77.95060192719136,1528.9166666666667,1563.3333333333335,1483.8333333333335,1608.4166666666667,1449.4166666666667,1642.8333333333335,1404.3333333333335,,-20.1027390817447,65.90386645636568,59.286997743901445,6.616868712464232,65.32466201238032,29.380830233254734,1479.25,1411.6299987792968,1174.7749975585937,1315.218497314453,NIBE.BO,2025-07-29 12:11:18.836286
54,2025-05-15 00:00:00+05:30,1580.0,1592.5999755859375,1468.5999755859375,1513.949951171875,44103,0.0,0.0,2025-05-15,1402.7024963378906,82.53417589352325,1485.2366722314139,1320.1683204443673,1567.7708481249372,1237.634144550844,141.68522677530825,107.96478921817139,2790342,143175.15561844403,66805.46979105273,1323.4541829834668,67.99395651577078,1525.0499674479167,1581.499959309896,1457.499959309896,1649.0499674479167,1401.0499674479167,1705.499959309896,1333.499959309896,,-21.265385860702203,61.879774879318575,57.63278056578539,4.246994313533186,65.07454545158771,28.81234657094548,1442.7800048828126,1402.7024963378906,1165.2299975585938,1318.0079968261718,NIBE.BO,2025-07-29 12:11:18.836286
55,2025-05-14 00:00:00+05:30,1459.300048828125,1516.800048828125,1420.050048828125,1516.800048828125,20750,0.0,0.0,2025-05-14,1390.8024963378907,82.80729853323044,1473.6097948711213,1307.9951978046602,1556.4170934043516,1225.1878992714298,165.07631708533623,98.37327843423483,2834445,67489.22612042892,47713.048334204905,1322.9343939505645,48.4761670084252,1484.550048828125,1549.050048828125,1452.300048828125,1581.300048828125,1387.800048828125,1645.800048828125,1355.550048828125,,-16.993634769760057,56.21363554966683,56.571031987402094,-0.357396437735261,65.36471835866476,28.2001333961509,1394.4500244140625,1390.8024963378907,1156.1339990234376,1321.1364978027343,NIBE.BO,2025-07-29 12:11:18.836286
56,2025-05-13 00:00:00+05:30,1472.75,1472.75,1406.0,1444.5999755859375,36055,0.0,0.0,2025-05-13,1375.7224914550782,86.05281878835184,1461.77531024343,1289.6696726667262,1547.8281290317818,1203.6168538783745,155.88625165440212,87.3194264459441,2813695,111686.61185390793,42769.0038876489,1322.6851925245626,29.181189335255468,1441.1166585286458,1476.2333170572915,1409.4833170572915,1507.8666585286458,1374.3666585286458,1542.9833170572915,1342.7333170572915,,-39.59156553139891,47.826847009199355,56.660381096835906,-8.83353408763655,61.30591560635921,28.2004306306,1354.7400146484374,1375.7224914550782,1146.5889990234375,1324.7824975585938,NIBE.BO,2025-07-29 12:11:18.836286
57,2025-05-12 00:00:00+05:30,1402.6500244140625,1402.6500244140625,1402.6500244140625,1402.6500244140625,1009,0.0,0.0,2025-05-12,1361.3599914550782,97.20122496217961,1458.5612164172578,1264.1587664928986,1555.7624413794374,1166.957541530719,119.52524960444694,77.7797271502853,2777640,3034.7890127820433,25539.601896084136,1322.4122793369086,29.536318872100452,1402.6500244140625,1402.6500244140625,1402.6500244140625,1402.6500244140625,1402.6500244140625,1402.6500244140625,1402.6500244140625,,-51.01428879126957,43.475180303071056,58.86876461874504,-15.393584315673984,58.694363947291265,28.636877797492883,1325.710009765625,1361.3599914550782,1138.4089990234374,1329.1799975585936,NIBE.BO,2025-07-29 12:11:18.836286
58,2025-05-09 00:00:00+05:30,1245.25,1335.9000244140625,1222.75,1335.9000244140625,5352,0.0,0.0,2025-05-09,1349.8999877929687,105.25462042304464,1455.1546082160132,1244.645367369924,1560.409228639058,1139.3907469468793,-83.91530587004033,45.543165804371576,2776631,15331.268011342177,31165.805116909658,1322.4072524427518,35.53772469790462,1298.183349609375,1373.61669921875,1260.4666748046875,1411.3333740234375,1185.0333251953125,1486.7667236328125,1147.316650390625,,-69.18991847132403,41.376447964378485,62.71716069766353,-21.340712733285045,54.11904801041246,29.894101735583174,1316.2400146484374,1349.8999877929687,1131.2889990234376,1333.8724975585938,NIBE.BO,2025-07-29 12:11:18.836286
59,2025-05-08 00:00:00+05:30,1311.050048828125,1344.300048828125,1255.0,1272.300048828125,7771,0.0,0.0,2025-05-08,1343.1199890136718,110.44335113349021,1453.563340147162,1232.6766378801815,1564.0066912806521,1122.2332867466914,-101.47788434662169,45.238453381051,2771279,21200.908223530136,35124.43939330152,1322.402767142811,38.489354265334754,1290.5333658854167,1326.0667317708335,1236.7666829427085,1379.8334147135417,1201.2333170572917,1415.3667805989585,1147.4666341145835,,-89.36707487253868,44.63638234947075,68.05233888098479,-23.41595653151404,49.134112260640215,32.14022383926154,1320.9800048828124,1343.1199890136718,1125.392998046875,1339.5859973144532,NIBE.BO,2025-07-29 12:11:18.836286
60,2025-05-07 00:00:00+05:30,1235.0,1330.0,1234.5,1318.25,11856,0.0,0.0,2025-05-07,1342.6774841308593,110.75931163723186,1453.436795768091,1231.9181724936275,1564.196107405323,1121.1588608563957,-105.1860933222372,48.857819844326016,2779050,33513.82394220616,38605.32218574437,1322.4269619449485,39.606327718555285,1294.25,1354.0,1258.5,1389.75,1198.75,1449.5,1163.0,,-76.44163150492264,54.397411357037754,73.9063280138633,-19.508916656825548,52.997096519055376,34.07060315475415,1329.989990234375,1342.6774841308593,1121.8539965820312,1345.7369970703126,NIBE.BO,2025-07-29 12:11:18.836286
61,2025-05-06 00:00:00+05:30,1335.0,1361.050048828125,1294.6500244140625,1299.449951171875,4647,0.0,0.0,2025-05-06,1336.9549865722656,114.96456608836945,1451.919552660635,1221.9904204838963,1566.8841187490045,1107.0258543955267,-91.30787888250225,59.46405604733283,2767194,12948.52330666706,39878.19674662892,1322.430041604236,41.408810361608765,1318.3833414713542,1342.116658528646,1275.7166341145835,1384.7833658854167,1251.9833170572917,1408.5166829427085,1209.316609700521,,-92.51711627248903,61.544909192873774,78.78355717806969,-17.23864798519591,51.54991839946598,36.34010668858389,1343.2699951171876,1336.9549865722656,1118.5479956054687,1351.6994970703124,NIBE.BO,2025-07-29 12:11:18.836286
62,2025-05-05 00:00:00+05:30,1359.6500244140625,1398.5,1322.3499755859375,1355.300048828125,9932,0.0,0.0,2025-05-05,1329.3074890136718,122.43515308618996,1451.7426420998618,1206.8723359274818,1574.1777951860518,1084.4371828412918,-71.16564288599416,75.91591978282807,2771841,28864.243398279334,46610.615106619385,1322.4366844457581,42.22107768838886,1358.7166748046875,1395.0833740234375,1318.933349609375,1434.86669921875,1282.566650390625,1471.2333984375,1242.7833251953125,,-62.62004284836772,71.61489366738988,83.09321917436867,-11.478325506978791,56.33460142779963,37.84922883574619,1354.2400146484374,1329.3074890136718,1116.83099609375,1356.9384973144531,NIBE.BO,2025-07-29 12:11:18.836286
63,2025-05-02 00:00:00+05:30,1325.25,1377.0,1279.550048828125,1359.5999755859375,7741,0.0,0.0,2025-05-02,1316.4249877929688,132.68231915259648,1449.1073069455651,1183.7426686403724,1581.7896260981618,1051.0603494877757,-102.3561690093285,73.3212532202916,2781773,22568.163982557293,51047.208033704395,1322.416368052059,36.344138014272495,1338.7166748046875,1397.88330078125,1300.433349609375,1436.1666259765625,1241.2667236328125,1495.333251953125,1202.9833984375,,-48.48485860444231,77.922062753202,85.96280055111336,-8.040737797911362,56.710917230767734,39.004815288684426,1367.3,1316.4249877929688,1115.328994140625,1360.7509973144531,NIBE.BO,2025-07-29 12:11:18.836286
64,2025-04-30 00:00:00+05:30,1417.699951171875,1417.699951171875,1316.0,1317.3499755859375,4244,0.0,0.0,2025-04-30,1300.714990234375,145.30217682947745,1446.0171670638524,1155.4128134048974,1591.31934389333,1010.11063657542,-89.6027675420993,81.47048193523582,2774032,11988.49195500111,58166.96904649116,1322.3984431915733,32.57765903473876,1350.3499755859375,1384.699951171875,1283.0,1452.0499267578125,1248.6500244140625,1486.39990234375,1181.300048828125,,-57.37585278401002,84.39303549671968,87.9729850005912,-3.579949503871518,53.90135287187332,40.481849464328775,1394.45,1300.714990234375,1116.053994140625,1364.1374975585939,NIBE.BO,2025-07-29 12:11:18.836286
65,2025-04-29 00:00:00+05:30,1353.199951171875,1420.0,1353.199951171875,1384.6500244140625,15824,0.0,0.0,2025-04-29,1284.6299926757813,160.38688372353863,1445.01687639932,1124.2431089522427,1605.4037601228586,963.856225228704,-36.786234917470544,99.13331350415696,2778276,46983.38522475456,69711.58831936367,1322.3997778094526,32.79834755578919,1385.9499918619792,1418.7000325520835,1351.8999837239585,1452.7500406901042,1319.1499430338542,1485.5000813802085,1285.0999348958335,,-43.21338314104003,95.56014400172762,88.86797237655907,6.692171625168555,59.625288807225424,41.46681458185925,1433.6300048828125,1284.6299926757813,1117.4979956054688,1367.7089978027343,NIBE.BO,2025-07-29 12:11:18.836286
66,2025-04-28 00:00:00+05:30,1439.8499755859375,1439.8499755859375,1349.5999755859375,1354.300048828125,12515,0.0,0.0,2025-04-28,1266.839990234375,168.24869180638788,1435.0886820407627,1098.591298427987,1603.3373738471507,930.3426066215991,-19.491923757473398,104.43654841670926,2762452,36344.08682160882,75393.63909301594,1322.3383581182302,46.83515382616535,1381.25,1412.9000244140625,1322.6500244140625,1471.5,1291.0,1503.1500244140625,1232.4000244140625,,-49.600163171444585,101.78151077882762,87.19492947026691,14.58658130856071,57.74632446016783,41.87519299712933,1465.15,1266.839990234375,1119.853994140625,1370.5239978027344,NIBE.BO,2025-07-29 12:11:18.836286
67,2025-04-25 00:00:00+05:30,1490.0,1490.0,1420.5999755859375,1420.5999755859375,18252,0.0,0.0,2025-04-25,1248.1199890136718,178.5204303240111,1426.640419337683,1069.5995586896606,1605.160849661694,891.0791283656496,36.84986132430736,136.44227637368593,2774967,55599.421925683666,85156.02716086773,1322.313397812285,49.986591822563305,1443.7333170572917,1466.866658528646,1397.4666341145835,1513.1333414713542,1374.3332926432292,1536.2666829427085,1328.066609700521,,-35.648156948735085,111.19361416056586,83.54828414312674,27.64533001743912,63.7659288561001,42.314985136650954,1488.0599853515625,1248.1199890136718,1124.5959936523439,1374.0804968261718,NIBE.BO,2025-07-29 12:11:18.836286
68,2025-04-24 00:00:00+05:30,1504.949951171875,1577.0,1453.4000244140625,1495.3499755859375,28688,0.0,0.0,2025-04-24,1223.752490234375,186.80690862585877,1410.5593988602338,1036.9455816085162,1597.3663074860926,850.1386729826575,82.07918038760731,176.25902104641844,2793219,91987.99086128274,92545.17846966373,1322.2013279352,58.86807747821487,1508.5833333333333,1563.766642252604,1440.1666666666665,1632.1833089192708,1384.9833577473958,1687.3666178385415,1316.566691080729,,-19.31633151307398,115.02966867072541,76.63695163876694,38.39271703195847,71.57739344417102,41.50322637890013,1483.72998046875,1223.752490234375,1126.3719946289064,1376.7524975585939,NIBE.BO,2025-07-29 12:11:18.836286
69,2025-04-23 00:00:00+05:30,1584.949951171875,1590.0,1465.1500244140625,1513.25,64263,0.0,0.0,2025-04-23,1193.427490234375,189.60374036744707,1383.031230601822,1003.823749866928,1572.634970969269,814.2200094994809,109.42390293844815,204.07738727246493,2821907,208525.74992443394,92684.47537175898,1321.890455199321,65.68626108807122,1522.8000081380208,1580.449991861979,1455.6000162760415,1647.6499837239583,1397.9500325520833,1705.2999674479165,1330.750040690104,,-13.696797241714043,110.8363646925095,67.03877238077732,43.79759231173219,73.58173130800124,39.97555667185981,1452.5999755859375,1193.427490234375,1125.208994140625,1378.847998046875,NIBE.BO,2025-07-29 12:11:18.836286
70,2025-04-22 00:00:00+05:30,1540.0,1542.25,1490.0,1542.25,35160,0.0,0.0,2025-04-22,1160.0924896240235,189.02173468713738,1349.1142243111608,971.0707549368861,1538.1359589982983,782.0490202497488,147.08913082091132,228.62138875777862,2886170,116276.42176542299,63724.15673359022,1321.1177309044667,80.97273169705548,1524.8333333333333,1559.6666666666665,1507.4166666666665,1577.0833333333333,1472.5833333333333,1611.9166666666665,1455.1666666666665,,-0.0,102.02544485094677,56.08937430284427,45.9360705481025,76.81779586604458,38.09660116269332,1405.1399658203125,1160.0924896240235,1122.3199951171875,1380.3764978027343,NIBE.BO,2025-07-29 12:11:18.836286
71,2025-04-21 00:00:00+05:30,1430.0,1468.8499755859375,1410.050048828125,1468.8499755859375,22161,0.0,0.0,2025-04-21,1123.2924896240233,182.22751138778398,1305.5200010118074,941.0649782362393,1487.7475123995914,758.8374668484554,154.1952385942989,211.76835874973582,2851010,69799.90111061468,50586.09047563202,1320.628093039421,71.1885260673509,1449.25,1488.449951171875,1429.6500244140625,1508.0499267578125,1390.4500732421875,1547.2498779296875,1370.85009765625,,-0.0,86.34289679847711,44.60535666581865,41.73754013265847,74.14541657102119,36.2826104317047,1339.7299560546876,1123.2924896240233,1117.8699951171875,1381.883497314453,NIBE.BO,2025-07-29 12:11:18.836286
72,2025-04-17 00:00:00+05:30,1406.6500244140625,1406.6500244140625,1385.0,1398.949951171875,17357,0.0,0.0,2025-04-17,1088.2449920654296,179.65723779440773,1267.9022298598375,908.5877542710219,1447.559467654245,728.9305164766142,168.0182842017455,196.59807202188813,2828849,52067.275618519976,45782.63781688636,1320.4209443387467,69.25101002994037,1396.8666585286458,1408.7333170572915,1387.083292643229,1418.5166829427083,1375.2166341145833,1430.383341471354,1365.4332682291665,,-1.794052428515135,72.18504757816254,34.17097163265402,38.014075945508516,71.21066428882868,34.69045892986487,1277.4299560546874,1088.2449920654296,1116.2769946289063,1383.8659973144531,NIBE.BO,2025-07-29 12:11:18.836286
73,2025-04-16 00:00:00+05:30,1339.699951171875,1339.699951171875,1339.699951171875,1339.699951171875,306,0.0,0.0,2025-04-16,1058.3699951171875,174.88661270300685,1233.2566078201944,883.4833824141806,1408.1432205232013,708.5967697111738,170.12618129860593,170.59289643681186,2811492,879.056887945226,44211.478366477946,1320.3348923439787,67.80129050453723,1339.699951171875,1339.699951171875,1339.699951171875,1339.699951171875,1339.699951171875,1339.699951171875,1339.699951171875,,-0.0,59.84909079023328,24.667452646276892,35.181638143956384,68.38619276427625,33.32913659900556,1232.3299560546875,1058.3699951171875,1117.37599609375,1385.8094982910156,NIBE.BO,2025-07-29 12:11:18.836286
74,2025-04-15 00:00:00+05:30,1275.949951171875,1275.949951171875,1275.949951171875,1275.949951171875,377,0.0,0.0,2025-04-15,1033.554998779297,167.93969500628475,1201.4946937855816,865.6153037730122,1369.4343887918665,697.6756087667275,117.73955607354095,131.88758378191932,2811186,1031.4852048806918,55044.58373611112,1320.334518229246,68.52673516581265,1275.949951171875,1275.949951171875,1275.949951171875,1275.949951171875,1275.949951171875,1275.949951171875,1275.949951171875,,-0.0,48.9837507997745,15.872043110287796,33.1117076894867,64.95067352951182,32.300604221348266,1204.4499755859374,1033.554998779297,1118.27599609375,1389.097498779297,NIBE.BO,2025-07-29 12:11:18.836286
75,2025-04-11 00:00:00+05:30,1215.199951171875,1215.199951171875,1215.199951171875,1215.199951171875,403,0.0,0.0,2025-04-11,1014.1450012207031,160.72858892136517,1174.8735901420682,853.4164122993379,1335.6021790634334,692.6878233779728,69.667335718253,92.55378678687146,2810809,1050.1245286004373,68547.85836891872,1320.3355746775228,68.80468457283266,1215.199951171875,1215.199951171875,1215.199951171875,1215.199951171875,1215.199951171875,1215.199951171875,1215.199951171875,,-12.418802469953532,40.60905413320597,7.59411618791612,33.01493794528985,61.22173363867971,31.67714348602338,1201.9499755859374,1014.1450012207031,1119.132998046875,1393.1889990234374,NIBE.BO,2025-07-29 12:11:18.836286
76,2025-04-09 00:00:00+05:30,1159.9000244140625,1200.0,1114.800048828125,1157.3499755859375,28150,0.0,0.0,2025-04-09,999.1625030517578,154.85957737350424,1154.022080425262,844.3029256782536,1308.8816577987664,689.4433483047493,27.782645039008745,52.960074612614434,2810406,69860.40824777533,85422.29182899829,1320.3382497828845,69.29285280528757,1157.3833414713542,1199.9666341145835,1114.7666829427085,1242.5832926432292,1072.1833902994792,1285.1665852864585,1029.5667317708335,,-24.5650391935904,35.25457045959615,-0.6596182984063432,35.914188758002496,57.19479834729745,31.54066983576167,1199.6699951171875,999.1625030517578,1120.337998046875,1398.1314990234375,NIBE.BO,2025-07-29 12:11:18.836286
77,2025-04-08 00:00:00+05:30,1209.3499755859375,1260.300048828125,1160.0,1173.449951171875,44046,0.0,0.0,2025-04-08,988.1100036621094,150.81071263855912,1138.9207163006686,837.2992910235503,1289.7314289392277,686.4885783849911,70.1469027991837,61.554014385993675,2838556,110830.44038353393,89312.76272430402,1320.6284470219491,75.40713605286906,1197.9166666666667,1235.8333333333335,1135.5332845052085,1298.2167154947917,1097.6166178385417,1336.1333821614585,1035.2332356770835,,-17.7138395942458,33.56239470852006,-9.638165487906967,43.20056019642703,58.77202738188696,31.536354854240674,1197.5,988.1100036621094,1124.0419995117188,1403.3409997558595,NIBE.BO,2025-07-29 12:11:18.836286
78,2025-04-07 00:00:00+05:30,1200.300048828125,1200.300048828125,1200.300048828125,1200.300048828125,2481,0.0,0.0,2025-04-07,978.640005493164,144.36895718299223,1123.0089626761562,834.2710483101719,1267.3779198591485,689.9020911271796,89.28986319405722,55.12717308314597,2882602,6385.642504916281,83933.34330949654,1321.0396165660738,80.79598558773708,1200.300048828125,1200.300048828125,1200.300048828125,1200.300048828125,1200.300048828125,1200.300048828125,1200.300048828125,,-12.45838851167511,29.30177217847381,-20.438305537013726,49.74007771548754,61.393809159411624,30.68782278118326,1182.3400146484375,978.640005493164,1128.4469995117188,1409.1055004882812,NIBE.BO,2025-07-29 12:11:18.836286
79,2025-04-04 00:00:00+05:30,1263.949951171875,1263.949951171875,1220.0,1263.449951171875,103453,0.0,0.0,2025-04-04,968.2850036621094,134.73947920842906,1103.0244828705383,833.5455244536803,1237.7639620789676,698.8060452452512,149.43021305215007,70.66232147692676,2885083,280278.0874619968,103320.2685106416,1321.058619245028,76.68565451429012,1249.13330078125,1278.2666015625,1234.316650390625,1293.083251953125,1205.183349609375,1322.216552734375,1190.36669921875,0.19589058817409646,-0.09786651709528067,20.758590197670628,-32.87332496588561,53.631915163556236,68.02072586464743,30.279978750616237,1151.360009765625,968.2850036621094,1133.4539990234375,1415.0805004882814,NIBE.BO,2025-07-29 12:11:18.836286
80,2025-04-03 00:00:00+05:30,1153.8499755859375,1203.800048828125,1153.800048828125,1203.800048828125,12712,0.0,0.0,2025-04-03,952.4900054931641,115.45283228987455,1067.9428377830386,837.0371732032895,1183.3956700729132,721.584340913415,143.68184669832814,43.034784600082915,2781630,32813.77939406819,59080.813772802794,1321.439184297972,56.422822329632126,1187.1333821614583,1220.4667154947915,1170.4667154947915,1237.1333821614583,1137.1333821614583,1270.4667154947915,1120.4667154947915,0.05514429336692772,-0.0,3.286895761156984,-46.28130375677466,49.568199517931646,64.67643647008902,29.46229590143973,1097.8000244140626,952.4900054931641,1138.0769995117187,1420.9225012207032,NIBE.BO,2025-07-29 12:11:18.836286
81,2025-04-02 00:00:00+05:30,1109.0,1152.5,1100.0,1146.5,64192,0.0,0.0,2025-04-02,937.4225036621094,99.4893392886636,1036.911842950773,837.9331643734458,1136.4011822394366,738.4438250847822,124.63188665804847,19.031101776820037,2768918,157813.07395043506,65647.57236748644,1321.5347531486007,49.02637688369742,1133.0,1166.0,1113.5,1185.5,1080.5,1218.5,1061.0,-0.00939071854978769,-1.5020652939397723,-13.257357426906765,-58.67335363625757,45.41599620935081,61.042421659600734,29.101259935350296,1062.810009765625,937.4225036621094,1145.3339990234374,1427.5690002441406,NIBE.BO,2025-07-29 12:11:18.836286
82,2025-04-01 00:00:00+05:30,1061.949951171875,1097.6500244140625,1029.6500244140625,1097.6500244140625,26048,0.0,0.0,2025-04-01,927.0750030517578,86.51563757220642,1013.5906406239642,840.5593654795514,1100.1062781961707,754.043727907345,104.03814741566617,-6.321553166270726,2704726,61309.29015060635,42606.19697174928,1322.2557628953487,32.07214724790789,1074.9833577473958,1120.316691080729,1052.316691080729,1142.9833577473958,1006.9833577473958,1188.316691080729,984.316691080729,-0.15329844799767503,-0.0,-28.59495923874988,-70.02735268859527,41.43239344984539,57.58833899327291,29.216569649497835,1029.4900146484374,927.0750030517578,1154.375,1435.437000732422,NIBE.BO,2025-07-29 12:11:18.836286
83,2025-03-28 00:00:00+05:30,989.9500122070312,1045.4000244140625,989.9500122070312,1045.4000244140625,18949,0.0,0.0,2025-03-28,921.6400024414063,78.2560068515024,999.8960092929087,843.3839955899039,1078.1520161444112,765.1279887384014,91.3867377338065,-25.950780211197912,2678678,42477.291312021545,37930.42367703501,1322.6318233879035,21.455314438320727,1026.9166870117188,1063.8833618164062,1008.433349609375,1082.36669921875,971.4666748046875,1119.3333740234375,952.9833374023438,-0.24282198670486668,-10.65097013623785,-42.98749791380146,-80.38545105105662,37.39795313725516,53.49293498773054,29.951410496609242,996.610009765625,921.6400024414063,1163.95,1443.1160009765624,NIBE.BO,2025-07-29 12:11:18.836286
84,2025-03-27 00:00:00+05:30,1080.25,1080.25,977.4500122070312,995.6500244140625,41364,0.0,0.0,2025-03-27,921.4200012207032,77.89512096276712,999.3151221834703,843.524880257936,1077.2102431462374,765.6297592951689,110.78436568715814,-30.95495306453079,2659729,88311.49795401018,36793.70676828838,1322.9699046595367,24.40185329189562,1017.7833455403646,1058.116678873698,955.3166910807292,1120.5833333333335,914.9833577473959,1160.9166666666667,852.5167032877605,-0.29661861509507986,-25.855737295146568,-55.617149733923725,-89.7349393353704,34.117789601446674,49.15173585285883,31.40655378492907,965.3,921.4200012207032,1174.4489990234374,1451.4615002441406,NIBE.BO,2025-07-29 12:11:18.836286
85,2025-03-26 00:00:00+05:30,1027.0,1028.8499755859375,1027.0,1028.8499755859375,3495,0.0,0.0,2025-03-26,924.5950012207031,82.25224296152575,1006.8472441822289,842.3427582591773,1089.0994871437547,760.0905152976516,157.73697971246924,-29.193337619314008,2701093,7710.58350511672,23914.258971857933,1323.8435684519984,43.202693645534694,1028.2333170572917,1029.4666341145835,1027.616658528646,1030.0832926432292,1026.3833414713542,1031.316609700521,1025.7666829427085,-0.26409735190837785,-0.0,-66.04462593189965,-98.26438673573207,32.21976080383243,52.169370715336065,32.97363117235042,935.4799926757812,924.5950012207031,1186.0859985351562,1459.4094995117186,NIBE.BO,2025-07-29 12:11:18.836286
86,2025-03-25 00:00:00+05:30,979.9000244140625,979.9000244140625,958.8499755859375,979.9000244140625,5292,0.0,0.0,2025-03-25,925.1300048828125,82.99747513090384,1008.1274800137163,842.1325297519087,1091.1249551446201,759.1350546210049,135.547914114277,-48.840055988233935,2697598,11119.611582138934,27965.177838543234,1323.9101121824178,45.24870522222865,972.8833414713541,986.9167073567708,965.8666585286458,993.9333902994791,951.8332926432291,1007.9667561848958,944.8166097005208,-0.2605448976256016,-16.15226506878102,-81.66397131696397,-106.31932693669017,24.65535561972621,47.78008426767547,35.34725707503125,890.9599975585937,925.1300048828125,1196.485,1465.3609997558594,NIBE.BO,2025-07-29 12:11:18.836286
87,2025-03-24 00:00:00+05:30,933.25,933.25,914.9500122070312,933.25,10512,0.0,0.0,2025-03-24,927.9150024414063,85.81858829551399,1013.7335907369203,842.0964141458923,1099.5521790324342,756.2778258503783,78.12357053300433,-65.67552570050081,2692306,21036.397280163,32176.56940264431,1324.027652472104,40.77422991346445,927.1500040690104,939.3499959309895,921.0500081380208,945.4499918619791,908.8500162760416,957.6499837239583,902.750020345052,-0.26819545117889465,-33.39492872388353,-95.60330512156679,-112.48316584162171,16.87986072005492,43.164556695249495,37.49671270594872,848.5599975585938,927.9150024414063,1207.0989990234375,1471.3434997558593,NIBE.BO,2025-07-29 12:11:18.836286
88,2025-03-21 00:00:00+05:30,885.0499877929688,888.8499755859375,871.4000244140625,888.8499755859375,4726,0.0,0.0,2025-03-21,933.5850036621093,89.84147934606699,1023.4264830081763,843.7435243160423,1113.2679623542433,753.9020449699753,10.426441530970472,-82.38101260074957,2681794,9007.62287904143,34961.612433264636,1324.2930553775795,37.057011963120324,883.0333251953125,894.6666259765625,877.2166748046875,900.4832763671875,865.5833740234375,912.1165771484375,859.7667236328125,-0.31465264536984927,-49.805953088090284,-107.40702091968751,-116.70313102163543,9.296110101947917,38.34869392297195,39.03338792492783,822.2,933.5850036621093,1219.2919995117188,1477.625,NIBE.BO,2025-07-29 12:11:18.836286
89,2025-03-20 00:00:00+05:30,846.5499877929688,846.5499877929688,830.0,846.5499877929688,8485,0.0,0.0,2025-03-20,941.1975036621094,92.26893761873565,1033.466441280845,848.9285660433737,1125.7353788995806,756.6596284246381,-43.1128898751098,-99.15916249304234,2677068,15402.544338830632,41450.109821820435,1324.4260543664748,34.992031765015895,841.0333251953125,852.066650390625,835.5166625976562,857.5833129882812,824.4833374023438,868.6166381835938,818.9666748046875,-0.37624530458128186,-65.44076724499858,-116.51924524287097,-119.02715854712241,2.5079133042514457,33.35284644304703,39.867487244150865,813.110009765625,941.1975036621094,1233.2280004882812,1485.0425,NIBE.BO,2025-07-29 12:11:18.836286
90,2025-03-19 00:00:00+05:30,753.0499877929688,806.25,753.0499877929688,806.25,7225,0.0,0.0,2025-03-19,953.6375030517578,95.55030110400445,1049.1878041557623,858.0872019477533,1144.7381052597666,762.5369008437489,-106.56387236056551,-120.11300713355523,2668583,12490.953519376577,47962.001192567885,1324.6882518844102,32.692225425121336,788.5166625976562,823.9833374023438,770.7833251953125,841.7166748046875,735.316650390625,877.183349609375,717.5833129882812,-0.414961814321698,-83.92991567173796,-122.25430265820171,-119.65413687318527,-2.6001657850164435,28.20607883667286,39.90454232611833,821.3500122070312,953.6375030517578,1249.4180017089843,1492.866000366211,NIBE.BO,2025-07-29 12:11:18.836286
91,2025-03-18 00:00:00+05:30,770.1500244140625,794.0,761.4000244140625,767.9000244140625,33868,0.0,0.0,2025-03-18,970.9725006103515,98.79795275231588,1069.7704533626675,872.1745478580357,1168.5684061149832,773.3765951057197,-164.90266181385817,-130.3973860105022,2661358,55767.63736780703,56829.763110865715,1324.9305774786003,32.75644424552826,774.433349609375,787.4666748046875,754.86669921875,807.0333251953125,741.8333740234375,820.066650390625,722.2667236328125,-0.45648401675678546,-98.03089958172147,-123.77563793521631,-119.00409542693114,-4.771542508285165,22.94818951985843,39.0466608656853,843.210009765625,970.9725006103515,1266.9420007324218,1500.6579998779298,NIBE.BO,2025-07-29 12:11:18.836286
92,2025-03-17 00:00:00+05:30,827.0,840.0,801.25,801.4500122070312,28100,0.0,0.0,2025-03-17,993.2574981689453,100.82734398171549,1094.0848421506607,892.4301541872298,1194.9121861323763,791.6028102055143,-179.14990046049743,-125.34572036704932,2695226,48291.50862714611,57095.29454663038,1326.153743966418,34.582782042855115,814.2333374023438,827.2166748046875,788.4666748046875,852.9833374023438,775.4833374023438,865.9666748046875,749.7166748046875,-0.4421817727945648,-99.93108967888674,-120.07112811194247,-117.81120979985985,-2.2599183120826183,24.3998085654529,37.841514438653036,876.8900024414063,993.2574981689453,1284.377000732422,1509.6674993896484,NIBE.BO,2025-07-29 12:11:18.836286
93,2025-03-13 00:00:00+05:30,903.9000244140625,918.7999877929688,843.4000244140625,843.4000244140625,46846,0.0,0.0,2025-03-13,1017.1949951171875,109.36243390794084,1126.5574290251284,907.8325612092467,1235.9198629330692,798.4701273013059,-139.17655670755258,-115.88679695792183,2723326,84721.59756963987,59296.24102650145,1327.11144386035,34.5390975576818,868.5333455403646,893.6666666666667,818.2667032877605,943.9333089192709,793.1333821614584,969.066630045573,742.8667399088542,-0.3957880401006445,-100.0,-116.81313890702882,-117.24623022183918,0.433091314810369,26.333886385752265,36.81847982342538,913.4099975585938,1017.1949951171875,1302.4419995117187,1518.8869995117188,NIBE.BO,2025-07-29 12:11:18.836286
94,2025-03-12 00:00:00+05:30,905.7999877929688,935.0,883.0999755859375,887.75,33231,0.0,0.0,2025-03-12,1044.8174926757813,130.81878828921452,1175.6362809649959,913.9987043865667,1306.4550692542102,783.1799160973522,-107.38567541933018,-112.16480459535981,2770172,63258.968293980666,52939.901890716836,1328.5878006691194,35.07633479078626,901.9499918619791,920.8000081380208,868.8999837239583,953.8500162760416,850.0499674479166,972.7000325520833,816.9999593098958,-0.31248413863363067,-97.78623026273732,-115.00347000738452,-117.35450305054177,2.351033043157244,28.555975666659705,36.03241643034412,943.3699951171875,1044.8174926757813,1319.327998046875,1527.7109997558593,NIBE.BO,2025-07-29 12:11:18.836286
95,2025-03-11 00:00:00+05:30,926.9500122070312,927.9500122070312,900.0,915.5499877929688,15121,0.0,0.0,2025-03-11,1069.9074951171874,146.3121618834895,1216.219657000677,923.5953332336979,1362.5318188841663,777.2831713502085,-103.47508140376857,-115.34485430727047,2803403,29685.925129685784,50360.13528990088,1329.5443249971395,34.42491671335577,914.5,929.0,901.0499877929688,942.4500122070312,886.5499877929688,956.9500122070312,873.0999755859375,-0.28021856967880543,-90.5234234303867,-115.31186923891869,-117.94226131133107,2.630392072412377,30.030941581983953,35.50888118393051,955.3299926757812,1069.9074951171874,1335.0849975585938,1536.515,NIBE.BO,2025-07-29 12:11:18.836286
96,2025-03-10 00:00:00+05:30,982.0499877929688,1023.5999755859375,934.8499755859375,936.2999877929688,26408,0.0,0.0,2025-03-10,1099.252493286133,170.56899876545702,1269.82149205159,928.6834945206758,1440.390490817047,758.1144957552189,-42.02748429569341,-106.8222640592456,2818524,53019.85580364359,55528.687829954644,1329.9534704159107,34.69413938272697,964.9166463216146,994.9833170572917,906.2333170572917,1053.6666463216147,876.1666463216146,1083.7333170572917,817.4833170572917,-0.2961202055502308,-83.05217415873736,-116.6974417613435,-118.59985932943417,1.9024175680906694,31.14594211522747,35.087329941139984,952.7099975585937,1099.252493286133,1350.965997314453,1545.133999633789,NIBE.BO,2025-07-29 12:11:18.836286
97,2025-03-07 00:00:00+05:30,1000.0,1017.0,970.0,984.0499877929688,29729,0.0,0.0,2025-03-07,1132.0074951171875,198.279408638009,1330.2869037551966,933.7280864791785,1528.5663123932054,735.4486778411696,-9.59581640877283,-105.46669785369255,2844932,62731.47143607728,56155.89583653241,1330.6340871512073,35.42918735362058,990.3499959309896,1010.6999918619792,963.6999918619792,1037.3499959309897,943.3499959309896,1057.6999918619792,916.6999918619792,-0.2934990886484231,-71.56479001118612,-118.74681200957912,-119.07546372145683,0.32865171187771125,33.8299116438085,34.93313181438924,953.3599975585937,1132.0074951171875,1365.982998046875,1553.7104992675781,NIBE.BO,2025-07-29 12:11:18.836286
98,2025-03-06 00:00:00+05:30,974.0,994.9000244140625,968.0,993.2000122070312,56898,0.0,0.0,2025-03-06,1158.2749969482422,211.97241852029802,1370.2474154685403,946.3025784279442,1582.2198339888382,734.3301599076462,-25.69216930764461,-114.07052006598153,2874661,121177.42801532606,54512.00193664618,1331.3099959286892,25.576710328845294,985.3666788736979,1002.7333577473958,975.8333333333333,1012.2667032877604,958.4666544596354,1029.6333821614583,948.9333089192708,-0.2848494593036166,-76.04976215350744,-124.27408434240238,-119.15762664942625,-5.116457692976127,34.35671776284231,35.086111278105015,954.3400024414062,1158.2749969482422,1380.7759973144532,1562.0244989013672,NIBE.BO,2025-07-29 12:11:18.836286
99,2025-03-05 00:00:00+05:30,914.5499877929688,947.5499877929688,905.1500244140625,947.5499877929688,15063,0.0,0.0,2025-03-05,1180.4749938964844,216.96548358338276,1397.4404774798672,963.5095103131016,1614.4059610632498,746.5440267297189,-107.13417391053726,-140.34121856381904,2817763,30605.650861634855,37845.6454169762,1332.5767087606723,6.54956361423946,933.4166666666666,961.6833089192708,919.2833455403645,975.8166300455729,891.0167032877604,1004.083272298177,876.8833821614583,-0.37748818974847376,-87.37391021286231,-130.36886595562305,-117.87851222618221,-12.49035372944084,29.252919821364927,34.84147001472972,963.9,1180.4749938964844,1394.9269970703126,1570.199998779297,NIBE.BO,2025-07-29 12:11:18.836286
100,2025-03-04 00:00:00+05:30,895.25,958.0,893.0999755859375,902.4500122070312,26590,0.0,0.0,2025-03-04,1201.5374969482423,213.58421085634572,1415.121707804588,987.9532860918965,1628.7059186609338,774.3690752355508,-170.1150018751735,-156.88539914999305,2802700,51455.22785574604,39655.644055811536,1332.958966668568,1.8731481248648123,917.8499959309896,942.6000162760417,877.6999918619792,982.7500203450521,852.9499715169271,1007.5000406901042,812.7999674479167,-0.3643922569203541,-98.38917470216383,-131.70091173850346,-114.75592379382199,-16.944987944681472,23.819165661338857,33.65762371467153,986.2200073242187,1201.5374969482423,1409.3139978027343,1579.1754986572266,NIBE.BO,2025-07-29 12:11:18.836286
101,2025-03-03 00:00:00+05:30,958.1500244140625,980.0,939.5499877929688,939.5499877929688,15238,0.0,0.0,2025-03-03,1222.4024963378906,202.9467127071033,1425.349209044994,1019.4557836307873,1628.2959217520972,816.509070923684,-164.0308289890789,-155.47783288877056,2829290,30699.823151307817,36705.74810582791,1333.7147833141769,1.9113910993288954,953.0333251953125,966.5166625976562,926.066650390625,993.4833374023438,912.5833129882812,1006.9666748046875,885.6166381835938,-0.3855696198863367,-100.0,-126.96920136890208,-110.51967680765162,-16.449524561250456,25.30369248916982,32.38271231460886,1013.6400146484375,1222.4024963378906,1424.6359985351562,1587.8324987792969,NIBE.BO,2025-07-29 12:11:18.836286
102,2025-02-28 00:00:00+05:30,1007.1500244140625,1017.75,988.9500122070312,988.9500122070312,10827,0.0,0.0,2025-02-28,1244.884994506836,194.70174094920583,1439.5867354560419,1050.18325355763,1634.2884764052476,855.4815126084243,-103.87153630774934,-149.83927576599976,2844528,22959.926325783756,38207.229344457926,1334.111754417692,1.9038048906794813,998.5500081380209,1008.1500040690105,979.3500162760417,1027.3499959309897,969.7500203450521,1036.9499918619792,950.550028483073,-0.42561320561319815,-100.0,-122.64118794024148,-106.407295667339,-16.23389227290248,27.416404811776005,31.312085635072407,1032.8500122070313,1244.884994506836,1440.0039978027344,1596.2664984130859,NIBE.BO,2025-07-29 12:11:18.836286
103,2025-02-27 00:00:00+05:30,1084.0999755859375,1084.0999755859375,1010.0,1041.0,7564,0.0,0.0,2025-02-27,1268.1324951171875,190.24115340302274,1458.3736485202103,1077.8913417141648,1648.614801923233,887.6501883111421,-61.69707649135158,-142.51666078353134,2855355,16884.580029901786,42019.05509912647,1334.3589238541297,21.362171592964188,1045.0333251953125,1080.066650390625,1005.9666748046875,1119.13330078125,970.933349609375,1154.1666259765625,931.86669921875,-0.3221414709808347,-93.79070165559351,-120.10697333462508,-102.34882259911338,-17.758150735511705,29.85526250456678,30.50852681253667,1044.3900146484375,1268.1324951171875,1455.6619970703125,1605.0789978027344,NIBE.BO,2025-07-29 12:11:18.836286
104,2025-02-25 00:00:00+05:30,1054.800048828125,1091.5,1051.199951171875,1059.1500244140625,5626,0.0,0.0,2025-02-25,1285.3174926757813,184.06728620480973,1469.384778880591,1101.2502064709715,1653.4520650854008,917.1829202661618,-52.654964833566,-144.09606634205485,2862919,12777.480346019001,48302.67386643264,1334.5057597125524,35.38119296352387,1067.2833251953125,1083.36669921875,1043.066650390625,1107.5833740234375,1026.9832763671875,1123.666748046875,1002.7666015625,-0.2941634997980363,-91.04194759351606,-120.16874323076286,-97.90928491523545,-22.25945831552741,30.740706322626664,29.798302943907917,1044.410009765625,1285.3174926757813,1470.78599609375,1612.807998046875,NIBE.BO,2025-07-29 12:11:18.836286
105,2025-02-24 00:00:00+05:30,1035.5999755859375,1056.949951171875,1000.0,1039.550048828125,8921,0.0,0.0,2025-02-24,1298.2999938964845,176.26729139112825,1474.5672852876128,1122.0327025053562,1650.834576678741,945.765411114228,-82.39651726980914,-168.99618422110498,2857293,19885.97805129478,57183.97224653605,1334.6083099972846,38.33772447978296,1032.1666666666667,1064.3333333333335,1007.3833821614585,1089.1166178385417,975.2167154947917,1121.2832845052085,950.4334309895835,-0.18942362472349558,-94.01029139732506,-120.21459128658535,-92.3444203363536,-27.870170950231753,28.617830364049922,29.344776388900357,1051.65,1298.2999938964845,1486.1389965820313,1621.057998046875,NIBE.BO,2025-07-29 12:11:18.836286
106,2025-02-21 00:00:00+05:30,1063.75,1077.0,1002.0,1035.5999755859375,22410,0.0,0.0,2025-02-21,1310.094989013672,165.61228572152982,1475.7072747352017,1144.482703292142,1641.3195604567316,978.8704175706123,-91.57343886344039,-178.79508360863073,2848372,49764.758548602695,66508.47079534637,1334.7826595679965,43.57659102038614,1038.1999918619792,1074.3999837239585,999.3999837239585,1113.1999918619792,963.1999918619792,1149.3999837239585,924.3999837239585,-0.2684823591025576,-94.89594818567147,-116.5215568641886,-85.37687759879566,-31.144679265392938,28.20602604753823,28.280313128581827,1074.32998046875,1310.094989013672,1502.97599609375,1630.198497314453,NIBE.BO,2025-07-29 12:11:18.836286
107,2025-02-20 00:00:00+05:30,1030.6500244140625,1093.1500244140625,1030.0,1046.6500244140625,34077,0.0,0.0,2025-02-20,1325.4424926757813,152.5426697153746,1477.9851623911559,1172.8998229604067,1630.5278321065305,1020.3571532450321,-97.22470270911118,-184.39614263698743,2870782,76480.52410240789,70694.39885703228,1335.2274167873027,42.18262694852445,1056.6000162760417,1083.2000325520835,1020.050008138021,1119.7500406901042,993.4499918619792,1146.350056966146,956.8999837239585,-0.2913844287739337,-97.35839709277846,-109.63885320311397,-77.59070778244742,-32.04814542066654,28.6351483505469,27.146971745272268,1109.92998046875,1325.4424926757813,1519.95099609375,1638.7894970703126,NIBE.BO,2025-07-29 12:11:18.836286
108,2025-02-19 00:00:00+05:30,1040.5999755859375,1130.0,1040.5999755859375,1041.0999755859375,33317,0.0,0.0,2025-02-19,1342.794989013672,138.22706591763006,1481.0220549313021,1204.5679230960418,1619.249120848932,1066.3408571784119,-110.76759117623013,-192.97817563564485,2836705,74378.31549828981,69247.86754568838,1335.8812262354706,39.1930012744941,1070.566650390625,1100.5333251953125,1011.13330078125,1159.9666748046875,981.1666259765625,1189.933349609375,921.7332763671875,-0.321100452272137,-99.9193158075028,-100.25397448824901,-69.57867142728078,-30.675303060968233,28.125157822485917,26.1028227545987,1156.6399658203125,1342.794989013672,1536.45599609375,1647.7844970703125,NIBE.BO,2025-07-29 12:11:18.836286
109,2025-02-18 00:00:00+05:30,1122.25,1148.0,1095.3499755859375,1095.3499755859375,10287,0.0,0.0,2025-02-18,1363.2724914550781,120.36216810352553,1483.6346595586037,1242.9103233515525,1603.9968276621291,1122.5481552480271,-127.56086838755095,-190.33975621485806,2870022,24161.820631243667,67965.25555753802,1336.535645916882,46.78776471127867,1112.8999837239583,1130.449991861979,1077.7999674479165,1165.5500081380208,1060.2499593098958,1183.1000162760415,1025.149943033854,-0.28532418840556517,-100.0,-86.17289049920123,-61.90984566203872,-24.26304483716251,30.07598923251858,25.043774667648258,1227.5899658203125,1363.2724914550781,1553.7789965820311,1657.4424975585937,NIBE.BO,2025-07-29 12:11:18.836286
110,2025-02-17 00:00:00+05:30,1212.949951171875,1212.949951171875,1152.949951171875,1152.949951171875,16342,0.0,0.0,2025-02-17,1383.2349914550782,105.8172168248376,1489.0522082799157,1277.4177746302407,1594.8694251047534,1171.600557805403,-139.22190203000895,-178.41270793624506,2880309,40402.075384273776,78916.1142891116,1336.7010813904608,49.23286642884243,1172.949951171875,1192.949951171875,1132.949951171875,1232.949951171875,1112.949951171875,1252.949951171875,1072.949951171875,-0.30532411414369104,-100.0,-72.18198917232621,-55.84408445274809,-16.33790471957812,32.28372158637343,24.245046584578823,1286.42998046875,1383.2349914550782,1569.6199975585937,1666.402998046875,NIBE.BO,2025-07-29 12:11:18.836286
111,2025-02-14 00:00:00+05:30,1272.199951171875,1311.050048828125,1170.0,1213.5999755859375,23641,0.0,0.0,2025-02-14,1403.9199951171875,98.62231816422343,1502.5423132814108,1305.2976769529641,1601.1646314456343,1206.6753587887406,-133.0988593629817,-162.19820529236736,2896651,61521.854073823386,88544.62401532105,1336.9015272626655,44.42341892349509,1231.5500081380208,1293.1000162760415,1152.0499674479165,1372.6000569661458,1090.4999593098958,1434.1500651041665,1010.9999186197915,-0.2924796034698519,-91.10749107813744,-58.84845417255838,-51.75960827285356,-7.088845899704815,34.77991762088334,23.771340927942333,1356.32998046875,1403.9199951171875,1584.8509985351564,1674.312498779297,NIBE.BO,2025-07-29 12:11:18.836286
112,2025-02-13 00:00:00+05:30,1270.0,1324.3499755859375,1256.300048828125,1280.199951171875,50322,0.0,0.0,2025-02-13,1423.167498779297,97.07584966902834,1520.2433484483254,1326.0916491102685,1617.3191981173536,1229.0157994412402,-126.7127669945996,-142.62939843565573,2920292,138141.35541915544,95300.31650069545,1337.0964139473838,41.6761454085666,1286.9499918619792,1317.5999348958335,1249.550008138021,1354.9999186197917,1218.9000651041667,1385.649861653646,1181.5000813802085,-0.2841898764441948,-88.33373333129079,-46.85895412768673,-49.98739679792735,3.1284426702406236,37.756705797813346,23.37818800527082,1431.889990234375,1423.167498779297,1597.0459985351563,1682.2974987792968,NIBE.BO,2025-07-29 12:11:18.836286
113,2025-02-12 00:00:00+05:30,1403.4000244140625,1473.550048828125,1300.0,1395.8499755859375,20340,0.0,0.0,2025-02-12,1437.9775024414062,96.71021669873475,1534.6877191401409,1341.2672857426714,1631.3979358388756,1244.5570690439367,-56.08712600344659,-93.05785786733783,2970614,60880.42914513413,84590.05677108045,1337.2884817380584,40.805399409390674,1389.8000081380208,1479.6000162760415,1306.0499674479165,1563.3500569661458,1216.2499593098958,1653.1500651041665,1132.4999186197915,-0.2706005657695974,-61.45713298485284,-37.35786523964498,-50.76950746548751,13.411642225842527,43.801719140777784,23.580989192252474,1477.7300048828124,1437.9775024414062,1606.1730004882813,1689.4904992675781,NIBE.BO,2025-07-29 12:11:18.836286
114,2025-02-11 00:00:00+05:30,1503.0,1504.0,1353.5,1389.550048828125,12709,0.0,0.0,2025-02-11,1446.7025024414063,100.50652895572999,1547.2090313971362,1346.1959734856764,1647.7155603528663,1245.6894445299463,-24.79507977192944,-83.457482699715,2950274,37868.10622800054,90517.46367756702,1337.2084674658397,37.97318694329712,1415.683349609375,1477.86669921875,1327.36669921875,1566.183349609375,1265.183349609375,1628.36669921875,1176.86669921875,-0.29566470774348896,-62.92121061509473,-36.01733921558821,-54.12241802194813,18.10507880635992,43.3428720819843,24.14619922829607,1486.0,1446.7025024414063,1612.2210009765624,1696.5764990234375,NIBE.BO,2025-07-29 12:11:18.836286
115,2025-02-10 00:00:00+05:30,1600.0,1600.0,1458.300048828125,1502.449951171875,10376,0.0,0.0,2025-02-10,1456.1,103.62000622165698,1559.7200062216568,1352.479993778343,1663.3400124433138,1248.859987556686,79.83009492548454,-29.57687745273916,2962983,33428.58473105495,103679.80303995863,1337.1637442001763,35.59202275928814,1520.25,1582.199951171875,1440.5,1661.949951171875,1378.550048828125,1723.89990234375,1298.800048828125,-0.27816688312698856,-36.68372757245495,-33.13489509173701,-58.6486877235381,25.513792631801095,50.15763373017528,25.20037785188417,1481.85,1456.1,1617.92,1702.9639990234375,NIBE.BO,2025-07-29 12:11:18.836286
116,2025-02-07 00:00:00+05:30,1610.0,1660.300048828125,1576.800048828125,1591.4000244140625,46664,0.0,0.0,2025-02-07,1458.4175048828124,105.21721206993229,1563.6347169527446,1353.2002928128802,1668.851929022677,1247.9830807429478,174.8079548475375,14.835849948628363,2973359,159238.9616539944,121242.60761718455,1337.048360374614,33.72355969611476,1609.5000406901042,1642.2000325520835,1558.7000325520835,1693.0000406901042,1526.0000406901042,1725.7000325520835,1475.2000325520835,-0.26586699018024545,-16.01208844891005,-40.061379056543046,-65.02713588148838,24.96575682494533,56.677030274307505,26.951113512952016,1445.310009765625,1458.4175048828124,1621.1940014648437,1707.7754992675782,NIBE.BO,2025-07-29 12:11:18.836286
117,2025-02-06 00:00:00+05:30,1509.0,1570.0,1475.0,1509.4000244140625,51409,0.0,0.0,2025-02-06,1454.3775024414062,101.32147898043824,1555.6989814218446,1353.056023460968,1657.0204604022827,1251.7345444805298,159.55589404564574,-35.82768808319104,2926695,166391.64755983377,111743.51910798208,1336.2473087310138,26.349842226977813,1518.1333414713542,1561.2666829427085,1466.2666829427085,1613.1333414713542,1423.1333414713542,1656.2666829427085,1371.2666829427085,-0.2482436437553242,-26.473677785773027,-57.082621360237226,-71.26857508772471,14.185953727487487,51.25328999801673,27.434634141520533,1404.8699951171875,1454.3775024414062,1623.565,1712.1929992675782,NIBE.BO,2025-07-29 12:11:18.836286
118,2025-02-05 00:00:00+05:30,1396.0,1437.199951171875,1369.949951171875,1437.199951171875,19489,0.0,0.0,2025-02-05,1456.0525024414062,102.54843436538775,1558.600936806794,1353.5040680760185,1661.1493711721816,1250.9556337106308,61.59566029542773,-89.82526175644473,2875286,60061.30477496203,98081.48699501916,1335.644441200934,20.961504733095325,1414.7832845052083,1459.6166178385415,1392.3666178385415,1482.0332845052083,1347.5332845052083,1526.8666178385415,1325.1166178385415,-0.25879355150409644,-46.72153814234044,-69.93432368299386,-74.81506351959659,4.880739836602729,45.694744162728774,28.83420620466587,1393.7699951171876,1456.0525024414062,1627.1330004882811,1717.7419995117189,NIBE.BO,2025-07-29 12:11:18.836286
119,2025-02-04 00:00:00+05:30,1319.9000244140625,1385.0,1302.5999755859375,1368.800048828125,27111,0.0,0.0,2025-02-04,1463.4750061035156,106.41173120549394,1569.8867373090095,1357.0632748980217,1676.2984685145034,1250.6515436925279,-31.15172977675643,-124.45731928799174,2855797,79574.43473377392,107586.53255003344,1335.5102203203342,17.258248263539798,1352.1333414713542,1401.666707356771,1319.2666829427085,1434.5333658854167,1269.7333170572917,1484.0667317708335,1236.866658528646,-0.32526850022702763,-64.30958083963904,-78.2181728726257,-76.03524847874728,-2.182924393878423,39.63994520417134,30.053867694366915,1383.2699951171876,1463.4750061035156,1632.487001953125,1724.7835009765624,NIBE.BO,2025-07-29 12:11:18.836286
120,2025-02-03 00:00:00+05:30,1335.0,1369.949951171875,1319.75,1319.75,29743,0.0,0.0,2025-02-03,1477.8375061035156,112.18918365284529,1590.0266897563608,1365.6483224506703,1702.215873409206,1253.459138797825,-59.2700135394068,-138.75059331317215,2828686,84171.3814436767,114589.5570040983,1335.4489029765239,17.546594954359378,1336.4833170572917,1353.2166341145835,1303.0166829427085,1386.6832682291667,1286.2833658854167,1403.4165852864585,1252.8167317708335,-0.36953165771652874,-78.62077428277158,-80.90253224257845,-75.48951738027766,-5.413014862300784,34.799238639729126,30.514607352534377,1373.2699951171876,1477.8375061035156,1638.4330004882813,1731.489500732422,NIBE.BO,2025-07-29 12:11:18.836286
121,2025-02-01 00:00:00+05:30,1470.0,1524.699951171875,1385.0,1389.199951171875,52559,0.0,0.0,2025-02-01,1495.9725036621094,114.57906394757937,1610.5515676096888,1381.39343971453,1725.130631557268,1266.8143757669507,15.357631268429074,-100.10810049903566,2858429,156566.8688282067,122194.10089420369,1335.4806906541805,22.47757335124794,1432.9666341145833,1480.9332682291665,1341.2333170572915,1572.6665852864583,1293.2666829427083,1620.6332194010415,1201.5333658854165,-0.3248715570781999,-62.07719565152914,-78.28284310826962,-74.13626366470245,-4.146579443567163,38.90097954758806,31.191039103668974,1364.4099853515625,1495.9725036621094,1645.8969995117188,1737.715001220703,NIBE.BO,2025-07-29 12:11:18.836286
122,2025-01-31 00:00:00+05:30,1435.0,1453.9000244140625,1426.0,1453.9000244140625,33089,0.0,0.0,2025-01-31,1508.4950073242187,115.97310624082425,1624.468113565043,1392.5219010833944,1740.4412198058671,1276.5487948425703,8.87608463084551,-100.70122507129673,2910988,103158.78048291123,113600.90891070291,1335.2877878341194,29.15582702432117,1444.6000162760417,1463.2000325520835,1435.300008138021,1472.5000406901042,1416.6999918619792,1491.100056966146,1407.3999837239585,-0.2931602516464645,-46.665078996755454,-80.58251140614584,-73.09961880381066,-7.482892602335184,43.31782803668794,32.65628549128051,1355.0800048828125,1508.4950073242187,1651.455,1742.3215014648438,NIBE.BO,2025-07-29 12:11:18.836286
123,2025-01-30 00:00:00+05:30,1345.0,1384.699951171875,1306.5999755859375,1384.699951171875,11920,0.0,0.0,2025-01-30,1521.0350036621094,123.09948987024606,1644.1344935323555,1397.9355137918633,1767.2339834026016,1274.8360239216172,-59.195459472056434,-152.1971221448054,2877899,35393.20939625974,116211.44101765082,1335.0190322351057,22.25152522574878,1358.6666259765625,1410.7332763671875,1332.63330078125,1436.7666015625,1280.566650390625,1488.833251953125,1254.5333251953125,-0.3418912487012045,-63.14913454542917,-88.67781346430661,-71.22889565322686,-17.448917811079752,36.11378583745562,33.021208381126804,1343.039990234375,1521.0350036621094,1654.2430004882813,1745.9685009765626,NIBE.BO,2025-07-29 12:11:18.836286
124,2025-01-29 00:00:00+05:30,1230.0,1338.0,1230.0,1318.800048828125,62553,0.0,0.0,2025-01-29,1536.1850036621095,124.07886115202804,1660.2638648141376,1412.1061425100813,1784.3427259661655,1288.0272813580534,-113.74422920327906,-202.35783637331315,2865979,176894.81800078342,136415.99892299858,1334.978447296391,18.921675314611477,1295.6000162760417,1361.2000325520835,1253.2000325520835,1403.6000162760417,1187.6000162760417,1469.2000325520835,1145.2000325520835,-0.3538463585760293,-78.84706086242463,-90.8834912578834,-66.8666662004569,-24.0168250574265,28.024522863151503,31.97474229994397,1356.2300048828124,1536.1850036621095,1659.9190014648439,1750.447001953125,NIBE.BO,2025-07-29 12:11:18.836286
125,2025-01-28 00:00:00+05:30,1320.0,1359.300048828125,1275.449951171875,1275.449951171875,54372,0.0,0.0,2025-01-28,1554.025,116.60340302259212,1670.6284030225922,1437.421596977408,1787.2318060451844,1320.8181939548158,-144.4962893782221,-223.7575137873371,2803426,148705.4011739925,126296.29415355236,1335.0481016850733,19.281880042787535,1303.3999837239583,1331.3500162760415,1247.4999186197915,1387.2500813802083,1219.5498860677083,1415.2001139322915,1163.6498209635415,-0.46298334108818007,-100.0,-85.84026272856477,-60.86245993610029,-24.97780279246448,21.99108201763866,29.70941638075714,1391.389990234375,1554.025,1667.245,1755.5355017089844,NIBE.BO,2025-07-29 12:11:18.836286
126,2025-01-27 00:00:00+05:30,1393.0,1393.0,1324.050048828125,1342.550048828125,58505,0.0,0.0,2025-01-27,1575.7325012207032,101.43857912071725,1677.1710803414205,1474.2939220999858,1778.6096594621376,1372.8553429792687,-169.23301624361946,-219.89876376642846,2857798,168426.91021484532,120694.01739844232,1335.2719744277383,20.38277480115002,1353.2000325520833,1382.3500162760415,1313.4000651041665,1422.1499837239583,1284.2500813802083,1451.2999674479165,1244.4501139322915,-0.38630632888611993,-95.05149091664248,-73.81346411914637,-54.61800923798416,-19.195454881162213,25.00361684693857,27.56765776183959,1449.6300048828125,1575.7325012207032,1675.925,1761.0475024414063,NIBE.BO,2025-07-29 12:11:18.836286
127,2025-01-24 00:00:00+05:30,1479.949951171875,1510.050048828125,1378.1500244140625,1393.699951171875,55839,0.0,0.0,2025-01-24,1592.9625,88.14111668485353,1681.1036166848537,1504.8213833151465,1769.244733369707,1416.680266630293,-162.6235719538686,-191.0326631118373,2916303,166876.40303410214,108760.79419434155,1335.2424377572718,28.5761601777552,1427.3000081380208,1476.449991861979,1344.5499674479165,1559.2000325520833,1295.3999837239583,1608.3500162760415,1212.649943033854,-0.37085693265226105,-95.38303736954367,-63.90547454567104,-49.819145517693606,-14.086329027977435,27.688485979096242,25.622563296666495,1500.8300048828125,1592.9625,1682.64,1765.7880017089844,NIBE.BO,2025-07-29 12:11:18.836286
128,2025-01-23 00:00:00+05:30,1458.0,1503.6500244140625,1419.9000244140625,1450.6500244140625,46339,0.0,0.0,2025-01-23,1609.4625,79.32278836701455,1688.7852883670146,1530.1397116329856,1768.1080767340293,1450.816923265971,-195.1231689264715,-185.59706888865793,2972142,144144.2491723738,94231.8919844014,1335.0151293570264,29.55168382937117,1458.0666910807292,1496.233357747396,1412.483357747396,1541.8166910807292,1374.3166910807292,1579.983357747396,1328.733357747396,-0.29844902189646827,-90.0838431406202,-55.28947108703551,-46.29756326069924,-8.991907826336266,31.146197229837057,23.996379856122957,1537.37001953125,1609.4625,1689.7640014648437,1770.0785021972656,NIBE.BO,2025-07-29 12:11:18.836286
129,2025-01-22 00:00:00+05:30,1566.6500244140625,1566.6500244140625,1488.3499755859375,1494.5999755859375,39284,0.0,0.0,2025-01-22,1621.9674987792969,72.37857188610099,1694.3460706653977,1549.588926893196,1766.7246425514988,1477.210355007095,-138.54606300996934,-153.10574695040935,3018481,125900.85702257977,81753.8026874083,1334.6407802771375,35.93278929569088,1516.5333251953125,1544.7166748046875,1466.4166259765625,1594.8333740234375,1438.2332763671875,1623.0167236328125,1388.1165771484375,-0.281179149048436,-96.0620189793021,-49.02937582540608,-44.049586304115174,-4.979789521290904,34.20738413087908,22.662911560637948,1561.310009765625,1621.9674987792969,1696.707001953125,1773.644501953125,NIBE.BO,2025-07-29 12:11:18.836286
130,2025-01-21 00:00:00+05:30,1594.199951171875,1610.0,1550.0,1566.6500244140625,14954,0.0,0.0,2025-01-21,1630.582501220703,66.43024685668351,1697.0127480773865,1564.1522543640197,1763.4429949340702,1497.722007507336,-16.745598922042323,-111.3177046478193,3057765,50236.26923656056,70717.03910361543,1334.2005705269873,42.28862625722095,1575.5500081380208,1601.1000162760415,1541.1000162760415,1635.5500081380208,1515.5500081380208,1661.1000162760415,1481.1000162760415,-0.23956112438558527,-66.65984208822138,-44.600091843346945,-42.80463892379244,-1.7954529195545064,40.22576309473471,22.056733826456036,1577.8900146484375,1630.582501220703,1703.7680029296876,1776.8505017089844,NIBE.BO,2025-07-29 12:11:18.836286
131,2025-01-20 00:00:00+05:30,1600.0,1618.9000244140625,1580.0,1598.550048828125,15432,0.0,0.0,2025-01-20,1635.6775024414062,65.16439477573527,1700.8418972171414,1570.513107665671,1766.0062919928769,1505.3487128899355,10.730447384542233,-96.48284698599012,3072719,52897.660621108414,75837.23157037915,1333.9568029992786,41.79399847160577,1599.1500244140625,1618.300048828125,1579.4000244140625,1638.050048828125,1560.25,1657.2000732421875,1540.5,-0.24637793497991448,-53.64208323993125,-45.34934531388467,-42.35577569390381,-2.9935696199808604,43.36225008606658,22.374912816075685,1574.32001953125,1635.6775024414062,1709.8040014648439,1779.132001953125,NIBE.BO,2025-07-29 12:11:18.836286
132,2025-01-17 00:00:00+05:30,1555.0,1588.75,1555.0,1576.4000244140625,15465,0.0,0.0,2025-01-17,1641.1474975585938,66.46249860094072,1707.6099961595346,1574.684998957653,1774.0724947604754,1508.2225003567123,-38.566902260312744,-121.07541243094835,3057287,52276.24329043549,81572.12430769682,1333.6701469125742,42.968697453263765,1573.3833414713542,1591.7666829427085,1558.0166829427085,1607.1333414713542,1539.6333414713542,1625.5166829427085,1524.2666829427085,-0.2768320726901712,-65.23472485574777,-48.76317458112635,-41.60738328890859,-7.1557912922177564,40.36415835880247,23.282439678009098,1556.7300048828124,1641.1474975585938,1716.4990014648438,1781.0240014648436,NIBE.BO,2025-07-29 12:11:18.836286
133,2025-01-16 00:00:00+05:30,1609.949951171875,1649.800048828125,1553.800048828125,1570.3499755859375,24632,0.0,0.0,2025-01-16,1650.9199951171875,70.67675825770891,1721.5967533748963,1580.2432368594787,1792.2735116326053,1509.5664786017696,-26.1743573488783,-107.46741018789189,3041822,82943.84066127105,88896.09456201215,1333.4063284833246,40.510808224896294,1591.3166910807292,1628.8333333333335,1532.8333333333335,1687.3166910807292,1495.3166910807292,1724.8333333333335,1436.8333333333335,-0.28786423076527795,-67.53468596774059,-50.2136327600565,-39.81843546585415,-10.395197294202347,39.55261182767866,23.484912445896516,1550.0300048828126,1650.9199951171875,1722.282001953125,1783.2640014648437,NIBE.BO,2025-07-29 12:11:18.836286
134,2025-01-15 00:00:00+05:30,1550.0,1599.0,1550.0,1577.5,22106,0.0,0.0,2025-01-15,1662.2624938964843,75.12870743053767,1737.391201327022,1587.1337864659467,1812.5199087575597,1512.005079035409,-53.25969851674474,-125.66976377227998,3066454,74776.91550037076,90384.15803719743,1332.9954350608743,40.509153760606964,1575.5,1601.0,1552.0,1624.5,1526.5,1650.0,1503.0,-0.31845441955265535,-66.2287785665861,-50.71400800212837,-37.21963614230356,-13.49437185982481,40.15223972828747,23.702960042082967,1553.0900146484375,1662.2624938964843,1728.4740014648437,1785.7805017089843,NIBE.BO,2025-07-29 12:11:18.836286
135,2025-01-14 00:00:00+05:30,1515.0,1580.0,1515.0,1548.800048828125,24056,0.0,0.0,2025-01-14,1674.7274963378907,80.79295560014407,1755.5204519380347,1593.9345407377466,1836.3134075381788,1513.1415851376025,-98.92621678036322,-157.5267845845138,3044348,79892.64176473326,94285.9686714041,1332.6143183402255,40.81265007784832,1547.933349609375,1580.86669921875,1515.86669921875,1612.933349609375,1482.933349609375,1645.86669921875,1450.86669921875,-0.3609236559286165,-76.70130039046458,-51.29041495128513,-33.84604317734735,-17.44437177393778,36.56791959133151,22.52215218537902,1568.8000244140626,1674.7274963378907,1732.7330004882813,1788.840001220703,NIBE.BO,2025-07-29 12:11:18.836286
136,2025-01-13 00:00:00+05:30,1542.9000244140625,1579.800048828125,1484.949951171875,1510.5999755859375,30004,0.0,0.0,2025-01-13,1691.3574951171875,87.46343791148107,1778.8209330286686,1603.8940572057063,1866.2843709401495,1516.4306192942254,-166.0958487534026,-187.63860481053726,3020292,97188.89476634822,97884.3003980718,1332.2469949423398,34.87010499849195,1525.1166585286458,1565.2833658854165,1470.4332682291665,1619.9667561848958,1430.2665608723958,1660.1334635416665,1375.5831705729165,-0.3423911736050009,-90.64038684767783,-48.42475267303166,-29.4849502338629,-18.939802439168762,31.4972705948513,20.652175889315114,1595.5300048828126,1691.3574951171875,1734.2369995117188,1791.7280004882812,NIBE.BO,2025-07-29 12:11:18.836286
137,2025-01-10 00:00:00+05:30,1587.050048828125,1610.0,1521.0,1542.9000244140625,32686,0.0,0.0,2025-01-10,1710.0449951171875,86.73479541562214,1796.7797905328096,1623.3101997015654,1883.5145859484317,1536.5754042859433,-224.19581318826317,-166.2630981610475,3050296,108140.30135726812,98058.15180600269,1331.8682219310242,35.204722843385895,1557.9666748046875,1594.933349609375,1505.933349609375,1646.9666748046875,1468.9666748046875,1683.933349609375,1416.933349609375,-0.2884584211135472,-90.79830906972164,-40.259999775157894,-24.749999624070707,-15.510000151087187,33.60654423617012,18.63217783771157,1621.3400146484375,1710.0449951171875,1735.5880004882813,1795.0875012207032,NIBE.BO,2025-07-29 12:11:18.836286
138,2025-01-09 00:00:00+05:30,1682.0,1682.0,1573.25,1585.6500244140625,41907,0.0,0.0,2025-01-09,1726.4949951171875,84.53685874947713,1811.0318538666647,1641.9581363677103,1895.5687126161417,1557.4212776182333,-228.5720126330869,-117.44421410548874,3082982,142489.1920305244,95537.61441818633,1331.3788544410793,35.87148458798599,1613.6333414713542,1654.0166829427085,1545.2666829427085,1722.3833414713542,1504.8833414713542,1762.7666829427085,1436.5166829427085,-0.2874453762741011,-95.05482575710369,-32.377707316632495,-20.872499586298908,-11.505207730333588,36.620472119422885,16.868404979289764,1653.7,1726.4949951171875,1735.9580004882812,1797.2450012207032,NIBE.BO,2025-07-29 12:11:18.836286
139,2025-01-08 00:00:00+05:30,1660.25,1697.9000244140625,1645.0,1656.050048828125,19678,0.0,0.0,2025-01-08,1742.5749938964843,86.8897874382833,1829.4647813347676,1655.685206458201,1916.354568773051,1568.7954190199177,-114.08847056455876,-67.97308024842123,3124889,69878.31550195439,83799.7200151018,1330.6206221868329,37.58615209299951,1666.3166910807292,1687.6333821614585,1634.733357747396,1719.2167154947917,1613.4166666666667,1740.533406575521,1581.8333333333335,-0.2177336034745916,-82.32840743719363,-26.005640345995744,-17.99619765371551,-8.009442692280235,42.44075290414978,15.674460786987442,1674.1099853515625,1742.5749938964843,1736.8569995117186,1799.3675012207032,NIBE.BO,2025-07-29 12:11:18.836286
140,2025-01-07 00:00:00+05:30,1645.0999755859375,1714.949951171875,1645.0999755859375,1682.449951171875,26673,0.0,0.0,2025-01-07,1754.1424926757813,90.1047492309532,1844.2472419067346,1664.037743444828,1934.3519911376877,1573.932994213875,-44.829764689416365,-55.91483420043427,3144567,96228.12685810553,87280.07114338865,1330.1643070481168,33.6223150041143,1680.8332926432292,1716.566609700521,1646.7166341145835,1750.6832682291667,1610.9833170572917,1786.4165852864585,1576.866658528646,-0.22370495121352674,-72.8478473165761,-24.386774578217,-15.993836980645447,-8.392937597571553,44.92718007031354,15.68985544928948,1678.019970703125,1754.1424926757813,1736.3139990234374,1801.0095007324219,NIBE.BO,2025-07-29 12:11:18.836286
141,2025-01-06 00:00:00+05:30,1725.0,1730.0,1620.0,1639.6500244140625,35363,0.0,0.0,2025-01-06,1765.7449951171875,95.18425324085862,1860.9292483580462,1670.5607418763288,1956.1135015989048,1575.3764886354702,-151.48376829450572,-73.78639756565973,3117894,124333.53287119714,85043.05721470942,1329.4934652230563,25.650138636964087,1663.2166748046875,1706.433349609375,1596.433349609375,1773.2166748046875,1553.2166748046875,1816.433349609375,1486.433349609375,-0.014947064691997814,-92.98213413783482,-24.54462962789671,-13.895602581252556,-10.649027046644155,39.60016973537014,15.708539748394832,1683.4499755859374,1765.7449951171875,1734.3739990234376,1802.499500732422,NIBE.BO,2025-07-29 12:11:18.836286
142,2025-01-03 00:00:00+05:30,1684.5,1715.0,1670.0,1704.699951171875,13576,0.0,0.0,2025-01-03,1774.9299926757812,91.15397839588005,1866.0839710716614,1683.7760142799011,1957.2379494675413,1592.6220358840212,-4.2133700476401446,-46.745084306668765,3153257,49625.830887139105,75220.43830058748,1328.708444315941,35.29023929641639,1696.566650390625,1723.13330078125,1678.13330078125,1741.566650390625,1651.566650390625,1768.13330078125,1633.13330078125,0.11184808074073761,-76.81000321662705,-20.159699296749068,-11.233345819591515,-8.926353477157553,45.860610407867604,15.72866130127752,1692.9499755859374,1774.9299926757812,1734.957998046875,1804.0380004882813,NIBE.BO,2025-07-29 12:11:18.836286
143,2025-01-02 00:00:00+05:30,1680.050048828125,1697.0,1666.0,1687.699951171875,11173,0.0,0.0,2025-01-02,1776.5224975585938,90.13497121849169,1866.6574687770856,1686.387526340102,1956.7924399955773,1596.2525551216104,-63.04099974800406,-59.81862791367719,3139681,40434.59055998754,81619.09015394958,1328.3427457843077,30.22981354648458,1683.566650390625,1701.13330078125,1670.13330078125,1714.566650390625,1652.566650390625,1732.13330078125,1639.13330078125,0.13531944870639456,-83.05770682754887,-20.646641897462132,-9.001757450302126,-11.644884447160006,43.70074110573172,16.80594949551993,1696.7499755859376,1776.5224975585938,1735.3319995117188,1804.1060009765624,NIBE.BO,2025-07-29 12:11:18.836286
144,2025-01-01 00:00:00+05:30,1707.0,1710.0,1664.8499755859375,1675.5999755859375,17696,0.0,0.0,2025-01-01,1777.05,89.61717458915939,1866.6671745891595,1687.4328254108405,1956.2843491783187,1597.8156508216812,-66.45013140817512,-62.37410465388232,3128508,63581.89510002282,91915.2150524401,1328.05486194516,26.012656109375428,1683.4833170572917,1702.116658528646,1656.9666341145835,1728.6333414713542,1638.3332926432292,1747.2666829427085,1611.816609700521,0.149051460662773,-88.88525750688466,-19.28300565295899,-6.090536338512123,-13.192469314446868,42.17607967150976,17.517211095048857,1699.3599853515625,1777.05,1736.0940014648438,1804.8610009765625,NIBE.BO,2025-07-29 12:11:18.836286
145,2024-12-31 00:00:00+05:30,1661.0,1748.0,1650.0,1709.5999755859375,20939,0.0,0.0,2024-12-31,1776.9950012207032,89.68302550022474,1866.6780267209278,1687.3119757204786,1956.3610522211527,1597.6289502202537,-44.8537869300618,-49.5197829253129,3146204,76760.61631882556,98998.54504054441,1327.613333373039,33.65742077663475,1702.5333251953125,1755.066650390625,1657.066650390625,1800.5333251953125,1604.5333251953125,1853.066650390625,1559.066650390625,0.15965076872209938,-77.93641017516413,-16.053307022321178,-2.7924190099004065,-13.260888012420772,45.38287788537105,18.283185125310776,1697.6199951171875,1776.9950012207032,1737.9450024414064,1806.587000732422,NIBE.BO,2025-07-29 12:11:18.836286
146,2024-12-30 00:00:00+05:30,1730.0999755859375,1741.949951171875,1655.800048828125,1687.1500244140625,33815,0.0,0.0,2024-12-30,1774.8225036621093,91.90039822510282,1866.7229018872122,1682.9221054370064,1958.6233001123148,1591.0217072119037,-62.57116707222228,-52.42054867282653,3125265,122335.10738476948,104558.02722097412,1327.0382511145278,26.180278512657083,1694.9666748046875,1734.13330078125,1647.9833984375,1781.1165771484375,1608.8167724609375,1820.283203125,1561.83349609375,0.14582852078955885,-85.22062361992653,-15.023567002454456,0.5228029932047868,-15.546369995659242,42.71220771904413,19.10808023482361,1689.410009765625,1774.8225036621093,1739.302001953125,1808.1835009765625,NIBE.BO,2025-07-29 12:11:18.836286
147,2024-12-27 00:00:00+05:30,1702.199951171875,1759.0,1661.0,1723.699951171875,22852,0.0,0.0,2024-12-27,1775.9625,90.8914833891169,1866.853983389117,1685.0710166108831,1957.745466778234,1594.1795332217662,-54.58394785826249,-32.63708392776087,3159080,84464.43823019115,100113.75718002528,1326.160584161043,45.38635438559875,1714.566650390625,1768.13330078125,1670.13330078125,1812.566650390625,1616.566650390625,1866.13330078125,1572.13330078125,0.1674760450554206,-73.36146785357111,-11.266577891873112,4.4093954921195975,-15.675973383992709,46.12164396590937,19.866692980603034,1693.5699951171875,1775.9625,1741.4380004882812,1810.1720007324218,NIBE.BO,2025-07-29 12:11:18.836286
148,2024-12-26 00:00:00+05:30,1664.199951171875,1728.0,1664.199951171875,1700.75,22257,0.0,0.0,2024-12-26,1774.1675048828124,92.32117192828139,1866.4886768110937,1681.8463329545311,1958.8098487393752,1589.5251610262496,-82.35185271026653,-41.52850124764355,3136228,81169.92013418699,104026.0869174838,1325.5047360276578,49.16718974420189,1697.6499837239583,1731.1000162760415,1667.2999674479165,1761.4500325520833,1633.8499348958333,1794.9000651041665,1603.4999186197915,0.15623050823104712,-80.80791357645731,-9.88540162202139,8.328388838117775,-18.213790460139165,43.49165601093333,20.77213159337586,1703.2,1774.1675048828124,1743.2730004882812,1812.284500732422,NIBE.BO,2025-07-29 12:11:18.836286
149,2024-12-24 00:00:00+05:30,1690.0,1697.3499755859375,1654.949951171875,1666.9000244140625,17462,0.0,0.0,2024-12-24,1774.3750061035157,92.15198248150301,1866.5269885850187,1682.2230236220128,1958.6789710665216,1590.0710411405098,-126.6838820839311,-57.83402979233576,3113971,62415.37009834922,109740.128613308,1324.900816369354,50.49575055860044,1673.066650390625,1691.183349609375,1648.7833251953125,1715.4666748046875,1630.6666259765625,1733.5833740234375,1606.38330078125,0.15634084195197792,-91.79103088394015,-5.707076181995944,12.881836453152566,-18.58891263514851,39.443157879110984,21.119865496184158,1722.489990234375,1774.3750061035157,1745.4730004882813,1815.0880004882813,NIBE.BO,2025-07-29 12:11:18.836286
150,2024-12-23 00:00:00+05:30,1739.050048828125,1749.949951171875,1641.5999755859375,1668.550048828125,23909,0.0,0.0,2024-12-23,1774.3350036621093,92.20125246628513,1866.5362561283944,1682.1337511958243,1958.7375085946796,1589.932498729539,-157.39366048790723,-45.64451516628249,3131433,85543.82458521187,121571.31824204768,1324.4684368400767,55.58034136347723,1686.6999918619792,1731.800008138021,1623.4500325520835,1795.0499674479167,1578.3500162760417,1840.1499837239585,1515.100056966146,0.16174956491141462,-91.25565644463369,3.0626271085002372,17.529064611939692,-14.466437503439455,39.571480804917186,20.828827510490353,1754.4699951171874,1774.3350036621093,1749.0369995117187,1818.1955004882811,NIBE.BO,2025-07-29 12:11:18.836286
151,2024-12-20 00:00:00+05:30,1772.0,1824.0,1690.800048828125,1707.949951171875,23207,0.0,0.0,2024-12-20,1775.554998779297,90.87980799083576,1866.4348067701328,1684.6751907884611,1957.3146147609684,1593.7953827976255,-161.9538883808474,-5.028016370603858,3155342,84992.80368412305,130578.19165625663,1323.8717844983446,60.191356426606745,1740.9166666666667,1791.0332845052085,1657.8333333333335,1874.1166178385417,1607.7167154947917,1924.2332356770835,1524.6333821614585,0.16601885704563724,-79.99008418750898,14.081598960727433,21.145673987799555,-7.064075027072121,42.647993967399515,20.515401987435485,1797.039990234375,1775.554998779297,1751.0289990234376,1821.1630004882813,NIBE.BO,2025-07-29 12:11:18.836286
152,2024-12-19 00:00:00+05:30,1767.699951171875,1800.0,1751.0,1771.8499755859375,23828,0.0,0.0,2024-12-19,1773.5125,92.91542959430024,1866.4279295943002,1680.5970704057,1959.3433591886005,1587.6816408113996,-142.36063350891,19.344955873499803,3178549,90532.09105971409,141974.53864929,1323.2242413908205,60.738939029585694,1774.2833251953125,1797.566650390625,1748.566650390625,1823.2833251953125,1725.2833251953125,1846.566650390625,1699.566650390625,0.21776598981894293,-58.57473490495152,24.095571041304765,22.91169274456758,1.1838782967371841,48.30355248375853,20.84124348231003,1832.3199951171875,1773.5125,1752.5289990234376,1823.9545007324218,NIBE.BO,2025-07-29 12:11:18.836286
153,2024-12-18 00:00:00+05:30,1816.0,1850.0,1790.0,1797.199951171875,52582,0.0,0.0,2024-12-18,1764.5850036621093,101.28438956716201,1865.8693932292713,1663.3006140949474,1967.1537827964335,1562.0162245277852,-57.557831801684436,47.260205804723306,3202377,202638.2901162507,154835.150546684,1322.4462867296475,64.6987665233475,1812.3999837239583,1834.7999674479165,1774.7999674479165,1872.3999837239583,1752.3999837239583,1894.7999674479165,1714.7999674479165,0.1808361640171026,-50.23043881819241,30.258221209124258,22.615723170383284,7.642498038740975,50.7843974093823,22.158502137598223,1852.3300048828125,1764.5850036621093,1754.4959985351563,1825.1815014648437,NIBE.BO,2025-07-29 12:11:18.836286
154,2024-12-17 00:00:00+05:30,1900.0,1900.0,1816.0,1826.800048828125,29374,0.0,0.0,2024-12-17,1758.1500061035156,103.17395455860486,1861.3239606621205,1654.9760515449107,1964.4979152207252,1551.802096986306,10.055776847174293,74.8204008784873,3254959,115064.70233082042,142884.36565429228,1320.6225882990793,68.16240527887963,1847.6000162760417,1879.2000325520835,1795.2000325520835,1931.6000162760417,1763.6000162760417,1963.2000325520835,1711.2000325520835,0.24019166707459702,-40.48715609969744,35.19323449189733,20.705098660698038,14.48813583119929,53.77916894467285,23.414023939296815,1874.3400146484375,1758.1500061035156,1754.83,1826.5235021972655,NIBE.BO,2025-07-29 12:11:18.836286
155,2024-12-16 00:00:00+05:30,1900.0,1913.699951171875,1825.0,1881.4000244140625,30764,0.0,0.0,2024-12-16,1751.0650024414062,103.07686609124225,1854.1418685326485,1647.988136350164,1957.2187346238907,1544.9112702589218,43.90625337298112,97.32898253288865,3284333,124111.48192035558,149839.28148516023,1319.5340431478742,73.21989967182876,1873.3666585286458,1921.7333170572915,1833.0333658854165,1962.0666097005208,1784.6667073567708,2010.4332682291665,1744.3334147135415,0.26749651641268085,-22.514816794107837,38.0631549939701,17.083064702898213,20.98009029107189,59.821537507162866,24.23332374436753,1886.460009765625,1751.0650024414062,1755.9769995117188,1826.8315014648438,NIBE.BO,2025-07-29 12:11:18.836286
156,2024-12-13 00:00:00+05:30,1880.0,1899.699951171875,1815.800048828125,1884.3499755859375,25418,0.0,0.0,2024-12-13,1742.4674987792969,98.71229307964644,1841.1797918589434,1643.7552056996503,1939.8920849385897,1545.042912620004,49.14554822984237,97.2027010351061,3315097,102704.85054697689,156271.2313763614,1318.2657041283628,70.19449176359018,1866.6166585286458,1917.4332682291665,1833.5333658854165,1950.5165608723958,1782.7167561848958,2001.3331705729165,1749.6334635416665,0.27428274421919174,-21.543799447911184,35.7835381170396,11.83804213013024,23.945495986909357,60.16065514020309,24.929260713294887,1893.0800048828125,1742.4674987792969,1757.4209985351563,1827.2065014648438,NIBE.BO,2025-07-29 12:11:18.836286
157,2024-12-12 00:00:00+05:30,1908.0,1947.5,1850.0,1871.9000244140625,25340,0.0,0.0,2024-12-12,1732.1650024414062,93.75281471940248,1825.9178171608087,1638.4121877220036,1919.6706318802112,1544.6593730026011,76.58856290344971,118.44852102653307,3289679,101713.18965979258,169662.82658370753,1317.2079297738323,74.95613091157149,1889.8000081380208,1929.6000162760415,1832.1000162760415,1987.3000081380208,1792.3000081380208,2027.1000162760415,1734.6000162760415,0.22674882013692416,-25.641873566035688,32.032237407420325,5.851668133402902,26.180569274017422,59.2554969643524,25.88771226352562,1880.8800048828125,1732.1650024414062,1757.627998046875,1828.3980017089843,NIBE.BO,2025-07-29 12:11:18.836286
158,2024-12-11 00:00:00+05:30,1900.0,1949.800048828125,1845.0,1907.25,31727,0.0,0.0,2024-12-11,1726.0650024414062,87.97328234576706,1814.0382847871733,1638.0917200956392,1902.0115671329404,1550.118437749872,104.82927553076522,132.47651285948015,3315019,129755.16234166893,186650.23581468628,1316.17269480021,79.82310919307656,1900.683349609375,1956.36669921875,1851.566650390625,2005.4833984375,1795.88330078125,2061.166748046875,1746.7666015625,0.2480476742643523,-11.506231262803682,27.970230365707266,-0.6934741851014534,28.66370455080872,63.03125012480947,26.242018238881805,1853.810009765625,1726.0650024414062,1759.112998046875,1829.609501953125,NIBE.BO,2025-07-29 12:11:18.836286
159,2024-12-10 00:00:00+05:30,1914.5,1930.0,1870.199951171875,1887.4000244140625,50170,0.0,0.0,2024-12-10,1720.5925048828126,79.06214034286185,1799.6546452256744,1641.5303645399508,1878.7167855685364,1562.4682241970888,141.39472474193877,134.69394151950797,3283292,203046.76312974023,200874.0041829406,1314.7882690768347,74.08302793584633,1895.8666585286458,1921.5333658854165,1861.7333170572915,1955.6667073567708,1836.0666097005208,1981.3334147135415,1801.9332682291665,0.23108099071051078,-12.171421595982142,18.864402082388324,-7.8594003228036335,26.723802405191957,61.760762064398484,26.62357852003462,1812.010009765625,1720.5925048828126,1761.1059985351562,1830.7960021972656,NIBE.BO,2025-07-29 12:11:18.836286
160,2024-12-09 00:00:00+05:30,1870.0,1914.5,1862.0,1914.5,112901,0.0,0.0,2024-12-09,1718.6050048828124,75.0457685782689,1793.6507734610814,1643.5592363045434,1868.6965420393503,1568.5134677262745,231.95486359307645,140.4886984413741,3333462,463490.8580917254,200330.8144462407,1312.6595800209464,79.15006027314907,1897.0,1932.0,1879.5,1949.5,1844.5,1984.5,1827.0,0.2784862795428064,-0.0,8.875280101869294,-14.540350924101622,23.415631025970917,64.57407547620605,26.54573573494513,1769.4300048828125,1718.6050048828124,1763.1859985351562,1831.3150024414062,NIBE.BO,2025-07-29 12:11:18.836286
161,2024-12-06 00:00:00+05:30,1765.0,1823.3499755859375,1746.050048828125,1823.3499755859375,59090,0.0,0.0,2024-12-06,1716.3025024414062,69.19769874296247,1785.5002011843687,1647.1048036984437,1854.697899927331,1577.9071049554814,271.42716432213575,62.85760890268312,3220561,231031.94735127236,134540.8035348695,1307.5822488031765,73.5404885681746,1797.5833333333333,1849.1166178385415,1771.816691080729,1874.8832600911458,1720.2834065755208,1926.416544596354,1694.5167643229165,0.04953838091545878,-0.0,-6.717233970317011,-20.39425868059435,13.67702471027734,58.69812799064033,26.63360123265446,1719.760009765625,1716.3025024414062,1763.7739990234375,1831.939002685547,NIBE.BO,2025-07-29 12:11:18.836286
162,2024-12-05 00:00:00+05:30,1705.0,1744.9000244140625,1690.0,1736.550048828125,36995,0.0,0.0,2024-12-05,1721.8000061035157,81.43529281972198,1803.2352989232377,1640.3647132837937,1884.6705917429597,1558.9294204640717,136.03738920339933,-3.4465149550837175,3161471,137758.48228923636,110418.01758076878,1305.294826562668,63.76690979775557,1723.8166910807292,1757.6333821614585,1702.733357747396,1778.7167154947917,1668.9166666666667,1812.533406575521,1647.8333333333335,0.03752678411868387,-7.911735983455882,-17.601704370893458,-23.813514858163686,6.2118104872702276,51.599298635656375,27.89046438258518,1697.0800048828125,1721.8000061035157,1767.5489990234375,1834.514501953125,NIBE.BO,2025-07-29 12:11:18.836286
163,2024-12-04 00:00:00+05:30,1680.0,1710.0,1670.0,1698.25,45644,0.0,0.0,2024-12-04,1728.2500061035157,87.54454277950923,1815.7945488830248,1640.7054633240066,1903.3390916625342,1553.1609205444972,49.363890890790444,-32.61235554003551,3124476,166216.19381472454,103582.90140365188,1304.0940473912954,55.27476325363593,1692.75,1715.5,1675.5,1732.75,1652.75,1755.5,1635.5,-0.020925638863107644,-30.441176470588236,-22.721954682288015,-25.36646747998124,2.644512797693224,47.93258147102523,29.495045232263173,1687.3300048828125,1728.2500061035157,1772.807998046875,1839.0530004882812,NIBE.BO,2025-07-29 12:11:18.836286
164,2024-12-03 00:00:00+05:30,1666.0999755859375,1699.949951171875,1647.449951171875,1674.5,35702,0.0,0.0,2024-12-03,1737.3350036621093,93.49332140339533,1830.8283250655047,1643.841682258714,1924.3216464688999,1550.3483608553188,-5.332213284788525,-50.506771389434704,3078832,128193.413139422,87924.57830088372,1302.7353208766726,47.00026041805049,1673.9666341145833,1700.4833170572915,1647.9833170572915,1726.4666341145833,1621.4666341145833,1752.9833170572915,1595.4833170572915,,-64.25870224126429,-25.161180125435294,-26.027595679404545,0.8664155539692509,45.55769749279565,30.509241710272626,1688.660009765625,1737.3350036621093,1780.9319970703125,1843.4555004882814,NIBE.BO,2025-07-29 12:11:18.836286
165,2024-12-02 00:00:00+05:30,1705.0,1705.0,1646.0,1666.1500244140625,18434,0.0,0.0,2024-12-02,1743.132501220703,92.98550034071334,1836.1180015614163,1650.1470008799897,1929.1035019021297,1557.1615005392764,-16.562972087399352,-54.54963567926572,3043130,65859.99602888664,77857.36959124914,1301.730211053511,38.232365978581754,1672.3833414713542,1698.7666829427085,1639.7666829427085,1731.3833414713542,1613.3833414713542,1757.7666829427085,1580.7666829427085,,-70.79660189353814,-25.563882698473435,-26.244199567896857,0.6803168694234216,44.73476049844796,31.389109673563055,1686.9800048828124,1743.132501220703,1788.007998046875,1847.0775,NIBE.BO,2025-07-29 12:11:18.836286
166,2024-11-29 00:00:00+05:30,1680.0,1750.0,1650.0,1709.949951171875,23806,0.0,0.0,2024-11-29,1741.025,95.27168411347944,1836.2966841134796,1645.7533158865206,1931.568368226959,1550.4816317730413,76.83780046928462,-33.30113946499511,3061564,87288.66303169272,80856.71298183975,1301.2207850716309,39.24400063996151,1703.316650390625,1756.63330078125,1656.63330078125,1803.316650390625,1603.316650390625,1856.63330078125,1556.63330078125,,-58.876597730419306,-24.869786386574333,-26.414278785252712,1.5444923986783792,48.29018907908995,32.336659787875824,1692.339990234375,1741.025,1794.3569970703124,1850.3144995117189,NIBE.BO,2025-07-29 12:11:18.836286
167,2024-11-28 00:00:00+05:30,1718.800048828125,1719.8499755859375,1658.949951171875,1687.800048828125,24820,0.0,0.0,2024-11-28,1734.4350036621095,101.86451788123031,1836.2995215433398,1632.5704857808792,1938.16403942457,1530.7059678996488,34.04499038183309,-47.039356106575916,3037758,89827.80457520878,79248.72546937651,1300.481577648643,28.939411547719104,1688.8666585286458,1718.7833658854165,1657.883341471354,1749.7666829427083,1627.9666341145833,1779.683390299479,1596.9833170572915,,-70.86485166807432,-27.91794698026729,-26.800401884922305,-1.1175450953449833,46.28546982857421,33.40821932873018,1683.7699951171876,1734.4350036621095,1800.8209985351561,1852.8955004882812,NIBE.BO,2025-07-29 12:11:18.836286
168,2024-11-27 00:00:00+05:30,1670.0,1737.0,1661.5,1704.9000244140625,23472,0.0,0.0,2024-11-27,1728.1150024414062,108.60809720292117,1836.7230996443275,1619.506905238485,1945.3311968472485,1510.898808035564,36.60695046597727,-41.30212554539956,3062578,85809.82705973028,76603.95569291845,1299.7498761930049,43.74590091230308,1701.1333414713542,1740.7666829427085,1665.2666829427085,1776.6333414713542,1625.6333414713542,1816.2666829427085,1589.7666829427085,,-66.24323664484797,-29.21608725227361,-26.521015611086057,-2.6950716411875533,47.60860358891913,34.006788554900865,1664.8699951171875,1728.1150024414062,1808.3509985351564,1855.9269995117188,NIBE.BO,2025-07-29 12:11:18.836286
169,2024-11-26 00:00:00+05:30,1700.0,1709.0,1650.0,1666.0999755859375,10679,0.0,0.0,2024-11-26,1724.4,110.69466710345831,1835.0946671034585,1613.7053328965417,1945.7893342069167,1503.0106657930835,-39.03068866813177,-63.10276082237067,3039106,38152.20629660046,74302.48785121548,1299.0247616554896,35.15044819184784,1675.0333251953125,1700.066650390625,1641.066650390625,1734.0333251953125,1616.0333251953125,1759.066650390625,1582.066650390625,,-77.57813135782878,-32.11952069228664,-25.847247700789165,-6.272272991497477,44.250854653783634,34.678932583068395,1657.589990234375,1724.4,1817.08,1858.4814990234374,NIBE.BO,2025-07-29 12:11:18.836286
170,2024-11-25 00:00:00+05:30,1730.0,1750.0,1670.0,1692.949951171875,21886,0.0,0.0,2024-11-25,1722.5400024414062,112.03031494095892,1834.5703173823651,1610.5096875004472,1946.600632323324,1498.4793725594884,-13.391845003135943,-46.55923063150153,3049785,79450.84624513378,83340.05823986922,1298.725617901166,39.595149834253824,1704.316650390625,1738.63330078125,1658.63330078125,1784.316650390625,1624.316650390625,1818.63330078125,1578.63330078125,,-70.58595021565755,-31.528918989347176,-24.279179452914796,-7.249739536432379,46.151503931557656,34.90558891531918,1661.389990234375,1722.5400024414062,1824.5460009765625,1861.2214990234374,NIBE.BO,2025-07-29 12:11:18.836286
171,2024-11-22 00:00:00+05:30,1597.0,1672.949951171875,1580.0,1667.0999755859375,21696,0.0,0.0,2024-11-22,1717.1650024414062,116.03205917526398,1833.1970616166702,1601.132943266142,1949.229120791934,1485.1008840908783,-80.14559456733551,-92.88782201413551,3027899,77558.48739558921,84312.36123855307,1298.066094716749,37.47047953120162,1640.0166422526042,1700.0332845052085,1607.0833333333335,1732.9665934244792,1547.0666910807292,1792.9832356770835,1514.1333821614585,,-77.31771469116211,-32.93937472299649,-22.4667445688067,-10.47263015418979,44.001247536912835,35.33576253782007,1664.689990234375,1717.1650024414062,1829.5330029296874,1863.4389990234374,NIBE.BO,2025-07-29 12:11:18.836286
172,2024-11-21 00:00:00+05:30,1673.9000244140625,1688.949951171875,1589.0,1593.300048828125,30937,0.0,0.0,2024-11-21,1717.2525024414062,115.99297123750604,1833.2454736789123,1601.2595312039002,1949.2384449164183,1485.2665599663942,-106.05202725277334,-108.61517174369062,3006203,105697.27236082492,86000.82969929402,1297.4530572655526,35.38762527078909,1623.75,1658.5,1558.550048828125,1723.699951171875,1523.800048828125,1758.449951171875,1458.60009765625,,-89.2392704345074,-31.700273108781175,-19.84858703025925,-11.851686078521926,37.37145185431782,34.355052106650824,1666.9300048828125,1717.2525024414062,1833.1880029296874,1866.4934997558594,NIBE.BO,2025-07-29 12:11:18.836286
173,2024-11-19 00:00:00+05:30,1697.0,1698.0,1650.050048828125,1668.5,22022,0.0,0.0,2024-11-19,1723.757501220703,112.26385724825434,1836.0213584689573,1611.4936439724488,1948.2852157172117,1499.2297867241944,-92.29203119741756,-82.5032993428736,3037140,78789.97859784304,81076.71903391129,1296.7506056680459,36.55628161181884,1672.183349609375,1694.316650390625,1646.36669921875,1720.13330078125,1624.2333984375,1742.2666015625,1598.416748046875,,-62.605932203389834,-22.36536578399705,-16.88566551062877,-5.47970027336828,42.08595310029424,33.36278556588182,1698.25,1723.757501220703,1837.6940014648437,1870.034998779297,NIBE.BO,2025-07-29 12:11:18.836286
174,2024-11-18 00:00:00+05:30,1700.0,1749.0,1650.199951171875,1685.0999755859375,19762,0.0,0.0,2024-11-18,1726.6225036621095,111.50806320164514,1838.1305668637547,1615.1144404604643,1949.6386300653999,1503.606377258819,-98.22927090933358,-72.33517767417261,3059162,71407.62363394815,81648.40414292834,1296.1212259755098,36.30600409719705,1694.7666422526042,1739.3333333333335,1640.5332845052085,1793.5666910807292,1595.9665934244792,1838.1333821614585,1541.7332356770835,,-59.088988223318324,-17.481042267162593,-15.515740442286695,-1.9653018248758976,43.20311577630903,32.74882575582752,1724.110009765625,1726.6225036621095,1840.9750024414063,1873.2669982910156,NIBE.BO,2025-07-29 12:11:18.836286
175,2024-11-14 00:00:00+05:30,1602.0999755859375,1750.0,1602.0999755859375,1709.449951171875,25235,0.0,0.0,2024-11-14,1730.7750061035156,111.4267434902765,1842.201749593792,1619.348262613239,1953.6284930840686,1507.9215191229625,-133.29698388813668,-80.66385753099262,3078924,92501.27362118423,84208.59927017338,1295.5293608051709,36.28985677983716,1687.1833089192708,1772.266642252604,1624.3666178385415,1835.0833333333333,1539.2832845052083,1920.1666666666665,1476.466593424479,,-53.93009509070445,-12.59760987123741,-15.024414986067718,2.4268051148303087,44.82378339811231,32.08879128773385,1756.62001953125,1730.7750061035156,1843.8260034179686,1876.2444982910156,NIBE.BO,2025-07-29 12:11:18.836286
176,2024-11-13 00:00:00+05:30,1670.0,1749.0,1662.6500244140625,1678.300048828125,24635,0.0,0.0,2024-11-13,1734.1750061035157,111.77869504690877,1845.9537011504244,1622.396311056607,1957.7323961973332,1510.6176160096982,-100.52079727041459,-78.74869750237013,3053689,88656.41934548084,82135.43068242066,1294.723553869843,33.09151228553651,1696.6500244140625,1730.6500244140625,1644.300048828125,1783.0,1610.300048828125,1817.0,1557.9500732421875,,-60.52965067200741,-8.552567355808378,-15.631116264775295,7.078548908966917,42.25041380206788,31.377984937479127,1788.42001953125,1734.1750061035157,1846.1700048828125,1879.7664978027344,NIBE.BO,2025-07-29 12:11:18.836286
177,2024-11-12 00:00:00+05:30,1790.0,1844.4000244140625,1711.550048828125,1749.9000244140625,9064,0.0,0.0,2024-11-12,1739.957501220703,111.72742792717033,1851.6849291478734,1628.2300732935328,1963.4123570750437,1516.5026453663625,-19.104348549899868,-38.47610831174169,3078324,34011.136729283906,80505.18351665561,1293.9931864918367,32.7067296059444,1768.61669921875,1825.683349609375,1692.8333740234375,1901.4666748046875,1635.7667236328125,1958.5333251953125,1559.9833984375,,-45.360164319054554,-0.17630939908190157,-17.400753492017024,17.224444092935123,46.9211959149199,31.05342909583512,1839.42001953125,1739.957501220703,1848.9360034179688,1883.2659973144532,NIBE.BO,2025-07-29 12:11:18.836286
178,2024-11-11 00:00:00+05:30,1875.0,1875.0,1785.0,1797.800048828125,13071,0.0,0.0,2024-11-11,1743.2349975585937,112.98876550126144,1856.2237630598552,1630.2462320573322,1969.2125285611166,1517.2574665560708,24.942163881981916,-12.117780416886632,3087388,50389.28729640958,92128.69521349853,1293.6735641119,32.01167969325398,1819.2666829427083,1853.5333658854165,1763.5333658854165,1909.2666829427083,1729.2666829427083,1943.5333658854165,1673.5333658854165,,-35.211854061837926,3.4989976529464,-21.706864515250803,25.205862168197203,50.38110030162429,31.095563944589955,1862.5500244140626,1743.2349975585937,1850.3930029296876,1885.0849975585938,NIBE.BO,2025-07-29 12:11:18.836286
179,2024-11-08 00:00:00+05:30,1870.0,1896.0,1820.0,1847.6500244140625,9830,0.0,0.0,2024-11-08,1743.8824951171875,113.35442951745615,1857.2369246346436,1630.5280655997315,1970.5913541521,1517.1736360822752,49.78959558642916,3.535958999008492,3100459,38945.85504939121,102563.54719277075,1293.1633778035334,31.838157438767084,1854.5500081380208,1889.1000162760415,1813.1000162760415,1930.5500081380208,1778.5500081380208,1965.1000162760415,1737.1000162760415,,-24.65041855634269,3.434062646159191,-28.008330057300103,31.442392703459294,54.24666583921967,31.803442571699865,1878.9800048828124,1743.8824951171875,1850.582001953125,1885.835496826172,NIBE.BO,2025-07-29 12:11:18.836286
180,2024-11-07 00:00:00+05:30,1950.0,1950.0,1854.0,1868.449951171875,37005,0.0,0.0,2024-11-07,1743.7549926757813,113.23293648886687,1856.9879291646482,1630.5220561869144,1970.220865653515,1517.2891196980477,77.74550614309075,20.203679984956093,3110289,148262.0125189143,118467.97022861562,1292.7410440990643,29.866019405387974,1890.816650390625,1927.63330078125,1831.63330078125,1986.816650390625,1794.816650390625,2023.63330078125,1735.63330078125,,-20.243654412738348,-1.6105723845721513,-35.86892823316492,34.25835584859277,55.90869341268964,32.91436151169239,1867.539990234375,1743.7549926757813,1849.9330004882813,1885.4889965820312,NIBE.BO,2025-07-29 12:11:18.836286
181,2024-11-06 00:00:00+05:30,1855.0,1933.300048828125,1855.0,1933.300048828125,52678,0.0,0.0,2024-11-06,1738.7399963378907,109.58187070230838,1848.321867040199,1629.1581256355823,1957.9037377425075,1519.576254933274,106.87021969639486,28.130595489713848,3147294,218381.85620085953,111019.45965604096,1291.085573294211,31.97171202851152,1907.2000325520833,1959.4000651041665,1881.1000162760415,1985.5000813802083,1828.8999837239583,2037.7001139322915,1802.7999674479165,,-6.5042269431938555,-10.093308924541816,-44.433517195313115,34.3402082707713,61.35052943634538,34.46179242887112,1818.65,1738.7399963378907,1848.4600024414062,1884.0714965820312,NIBE.BO,2025-07-29 12:11:18.836286
182,2024-11-04 00:00:00+05:30,1964.0,1964.0,1787.0,1865.550048828125,34332,0.0,0.0,2024-11-04,1731.2224914550782,100.29592787921175,1831.51841933429,1630.9265635758663,1931.8143472135016,1530.6306356966547,125.24019957343293,10.63754444732853,3094616,137339.0445762113,84178.86051983631,1288.445907527951,18.288924453983384,1872.183349609375,1957.36669921875,1780.36669921875,2049.183349609375,1695.183349609375,2134.36669921875,1603.36669921875,,-20.85804050251589,-27.18760534073158,-53.01856926300594,25.830963922274364,57.320583526306834,35.90406150767088,1747.6199951171875,1731.2224914550782,1845.5490014648437,1881.6649963378907,NIBE.BO,2025-07-29 12:11:18.836286
183,2024-11-01 00:00:00+05:30,1879.949951171875,1879.949951171875,1879.949951171875,1879.949951171875,16795,0.0,0.0,2024-11-01,1731.4549865722656,100.62853796168602,1832.0835245339517,1630.8264486105795,1932.7120624956376,1530.1979106488936,173.84367633737068,15.408886509378618,3128948,67703.99703377123,70888.81450574254,1286.895814327493,23.84991888751368,1879.949951171875,1879.949951171875,1879.949951171875,1879.949951171875,1879.949951171875,1879.949951171875,1879.949951171875,,-0.0,-41.989202944175986,-59.47631024357453,17.487107299398545,58.52496860546865,37.457274361762934,1686.789990234375,1731.4549865722656,1844.2460009765625,1879.7794958496095,NIBE.BO,2025-07-29 12:11:18.836286
184,2024-10-31 00:00:00+05:30,1790.449951171875,1790.449951171875,1790.449951171875,1790.449951171875,9406,0.0,0.0,2024-10-31,1728.152490234375,96.49768213902546,1824.6501723734004,1631.6548080953494,1921.1478545124257,1535.157125956324,143.72284142774976,-31.440835147222153,3112153,36112.30196271179,71685.01887373536,1286.11553538206,17.734358571577815,1790.449951171875,1790.449951171875,1790.449951171875,1790.449951171875,1790.449951171875,1790.449951171875,1790.449951171875,,-16.5174961756993,-61.721705365103844,-63.848087068424164,2.1263817033203196,52.80150727085743,40.047773044879776,1636.9199951171875,1728.152490234375,1843.087001953125,1877.17349609375,NIBE.BO,2025-07-29 12:11:18.836286
185,2024-10-29 00:00:00+05:30,1589.8499755859375,1650.0,1548.5999755859375,1624.0,10470,0.0,0.0,2024-10-29,1732.8374938964844,101.80981297717186,1834.6473068736561,1631.0276809193126,1936.4571198508281,1529.2178679421406,-45.57645930517648,-129.77879943363664,3102747,36460.34046845444,80578.19810149126,1285.7436413156406,13.979885814685005,1607.5333251953125,1666.4666748046875,1565.066650390625,1708.933349609375,1506.13330078125,1767.86669921875,1463.6666259765625,-0.03781967814361563,-65.13470456628764,-77.23571671666855,-64.37968249425424,-12.856034222414308,38.03425089063431,41.680725406450286,1604.610009765625,1732.8374938964844,1844.947001953125,1874.6914965820313,NIBE.BO,2025-07-29 12:11:18.836286
186,2024-10-28 00:00:00+05:30,1559.9000244140625,1600.0,1492.0,1578.1500244140625,20709,0.0,0.0,2024-10-28,1749.3174926757813,109.64012625023805,1858.9576189260194,1639.6773664255431,1968.5977451762574,1530.0372401753052,-104.60530432749174,-165.66951652408795,3092277,70080.21534867612,91607.66250975046,1285.4657692178007,20.051543017523528,1556.7166748046875,1621.433349609375,1513.433349609375,1664.7166748046875,1448.7166748046875,1729.433349609375,1405.433349609375,0.011920116065074048,-77.24510566047104,-79.53531610868959,-61.165673938650656,-18.36964217003893,32.64386710321946,40.992720773980096,1596.9,1749.3174926757813,1849.2190014648438,1874.6854968261719,NIBE.BO,2025-07-29 12:11:18.836286
187,2024-10-25 00:00:00+05:30,1613.75,1613.75,1549.0999755859375,1561.4000244140625,25770,0.0,0.0,2024-10-25,1765.1449890136719,106.43153288182337,1871.5765218954953,1658.7134561318485,1978.0080547773186,1552.281923250025,-114.46239625841878,-167.42422681171777,3071568,86281.28680718597,96989.52430001904,1284.9894292624876,19.26283882202155,1574.75,1600.4000244140625,1535.75,1639.4000244140625,1510.0999755859375,1665.050048828125,1471.0999755859375,-0.06667717531747674,-85.74597118856073,-76.75889173306064,-56.57326339614092,-20.185628336919713,30.595798338622913,39.12701378199617,1615.039990234375,1765.1449890136719,1854.587001953125,1875.9919970703124,NIBE.BO,2025-07-29 12:11:18.836286
188,2024-10-24 00:00:00+05:30,1628.0,1679.0,1595.0,1630.5999755859375,20401,0.0,0.0,2024-10-24,1784.3824890136718,102.36028648988096,1886.7427755035528,1682.0222025237908,1989.1030619934338,1579.6619160339098,-83.92371926782454,-141.98552098913297,3097338,71332.41056406176,99666.5836732273,1284.4285000438483,18.09875360566855,1634.8666585286458,1674.7333170572915,1590.7333170572915,1718.8666585286458,1550.8666585286458,1758.7333170572915,1506.7333170572915,-0.04849863151094382,-66.55574493870249,-70.39159246830786,-51.52685631191099,-18.864736156396873,34.635986064629435,37.42456953449448,1647.439990234375,1784.3824890136718,1858.532001953125,1877.2789965820311,NIBE.BO,2025-07-29 12:11:18.836286
189,2024-10-23 00:00:00+05:30,1515.0,1664.0,1510.0,1628.9000244140625,59710,0.0,0.0,2024-10-23,1803.197491455078,107.08084563657367,1910.2783370916518,1696.1166458185044,2017.3591827282255,1589.0358001819307,-142.33881373657837,-171.4381570928391,3076937,208559.27776309382,106750.12695051868,1283.8714682758734,19.530532682111982,1600.9666748046875,1691.933349609375,1537.933349609375,1754.9666748046875,1446.9666748046875,1845.933349609375,1383.933349609375,0.008236570910776958,-67.8648582664696,-67.9881273512965,-46.810672272811765,-21.177455078484734,34.438495290910225,35.87035075888439,1666.4800048828124,1803.197491455078,1861.8780029296875,1878.0719970703126,NIBE.BO,2025-07-29 12:11:18.836286
190,2024-10-22 00:00:00+05:30,1659.9000244140625,1675.0,1585.449951171875,1585.449951171875,30257,0.0,0.0,2024-10-22,1821.322491455078,106.70424359881136,1928.0267350538895,1714.6182478562666,2034.7309786527007,1607.9140042574554,-175.35984136591287,-173.44262424014937,3017227,102864.7122220886,81297.83924737488,1282.2388316799825,21.288609532169374,1615.2999674479167,1645.1499837239585,1555.5999348958335,1704.8500162760417,1525.7499186197917,1734.7000325520835,1466.0498860677085,-0.013812609868125,-100.0,-63.71342110347928,-41.51630850319057,-22.197112600288705,29.374091554949757,33.841786627376585,1694.3300048828125,1821.322491455078,1865.7050024414064,1878.3264965820313,NIBE.BO,2025-07-29 12:11:18.836286
191,2024-10-21 00:00:00+05:30,1748.0,1749.949951171875,1658.0,1668.8499755859375,17282,0.0,0.0,2024-10-21,1839.2449951171875,94.39424324947744,1933.639238366665,1744.85075186771,2028.0334816161424,1650.4565086182326,-134.04274410416303,-130.2816220304159,3047484,61844.24766936597,75906.12100369645,1281.5100440260258,21.95197494173189,1692.2666422526042,1726.5332845052085,1634.5833333333335,1784.2165934244792,1600.3166910807292,1818.4832356770835,1542.6333821614585,0.024708505050062474,-95.85562507168949,-52.99597299562697,-35.967030353118396,-17.028942642508575,34.064028476089945,32.11696006942061,1732.7300048828124,1839.2449951171875,1870.6250024414062,1878.2279968261719,NIBE.BO,2025-07-29 12:11:18.836286
192,2024-10-18 00:00:00+05:30,1699.75,1739.75,1675.0,1723.4000244140625,15863,0.0,0.0,2024-10-18,1856.4074951171874,92.97666472405756,1949.384159841245,1763.4308303931298,2042.3608245653024,1670.4541656690724,-139.2789071010554,-121.19870078183,3064766,58621.83816764436,79421.58933727906,1280.9775522287896,34.439771226760556,1712.7166748046875,1750.433349609375,1685.683349609375,1777.4666748046875,1647.9666748046875,1815.183349609375,1620.933349609375,0.07558233344076072,-84.53673341403754,-46.685061186267376,-31.709794692491247,-14.975266493776129,37.72200903560016,30.813246639592684,1757.75,1856.4074951171874,1873.1180029296875,1876.545496826172,NIBE.BO,2025-07-29 12:11:18.836286
193,2024-10-17 00:00:00+05:30,1770.0,1795.0,1679.75,1725.800048828125,34333,0.0,0.0,2024-10-17,1870.2124938964844,92.6855071126504,1962.8980010091348,1777.526986783834,2055.583508121785,1684.8414796711836,-134.14400847041597,-110.2619380973132,3080629,127054.55623659592,84621.52712968772,1280.4185706214882,32.27468454330035,1733.5166829427083,1787.2833658854165,1672.0333658854165,1848.7666829427083,1618.2666829427083,1902.5333658854165,1556.7833658854165,-0.030733184023265383,-85.06081141017843,-43.27018555453492,-27.965978069047214,-15.304207485487705,37.88822835033248,29.55479149374127,1776.1599853515625,1870.2124938964844,1872.8800024414063,1874.2249963378906,NIBE.BO,2025-07-29 12:11:18.836286
194,2024-10-16 00:00:00+05:30,1777.449951171875,1789.449951171875,1740.0,1768.1500244140625,14764,0.0,0.0,2024-10-16,1889.1449890136719,100.01707907279658,1989.1620680864685,1789.1279099408753,2089.179147159265,1689.1108308680787,-104.31463650536055,-91.2424523424513,3114962,55977.198710821256,74013.26985296067,1279.1973105711957,33.548573966584115,1765.8666585286458,1791.7333170572915,1742.2833658854165,1815.3166097005208,1716.4167073567708,1841.1832682291665,1692.8334147135415,-0.054183311292694575,-77.20857397910277,-38.478867103860466,-24.139926197675287,-14.33894090618518,40.836684236171244,28.23907790893155,1793.1499755859375,1889.1449890136719,1873.6280004882813,1872.0954956054688,NIBE.BO,2025-07-29 12:11:18.836286
195,2024-10-15 00:00:00+05:30,1793.9000244140625,1804.449951171875,1751.0999755859375,1777.449951171875,9536,0.0,0.0,2024-10-15,1902.152490234375,100.36914850800014,2002.521638742375,1801.7833417263748,2102.890787250375,1701.4141932183747,-89.89665564185832,-86.96993350704791,3129726,36345.58274373144,78522.28763849552,1278.620082368671,43.41641166748444,1777.6666259765625,1804.2332763671875,1750.88330078125,1831.0166015625,1724.316650390625,1857.583251953125,1697.5333251953125,-0.04016472713177634,-74.75465214479163,-35.93234536329601,-20.555190971128994,-15.377154392167014,41.495148962054245,27.353353568240546,1808.5399658203125,1902.152490234375,1875.2289990234376,1869.9019958496094,NIBE.BO,2025-07-29 12:11:18.836286
196,2024-10-14 00:00:00+05:30,1839.949951171875,1839.949951171875,1784.0,1793.949951171875,10653,0.0,0.0,2024-10-14,1912.4599914550781,97.43106374451357,2009.8910551995916,1815.0289277105646,2107.322118944105,1717.597863966051,-44.357261050650024,-68.45154824246517,3139262,40979.840419669505,89066.46386218653,1278.2394316840846,48.51993349025185,1805.9666341145833,1827.9332682291665,1771.9833170572915,1861.9165852864583,1750.0166829427083,1883.8832194010415,1716.0333658854165,-0.04634344479447013,-69.77201624458444,-33.043498264580194,-16.71090237308724,-16.332595891492954,42.62751911252368,26.504459166475517,1806.67998046875,1912.4599914550781,1877.065,1867.867996826172,NIBE.BO,2025-07-29 12:11:18.836286
197,2024-10-11 00:00:00+05:30,1809.9000244140625,1849.5,1750.0,1815.449951171875,13250,0.0,0.0,2024-10-11,1924.4199951171875,96.79714331396006,2021.2171384311475,1827.6228518032274,2118.0142817451074,1730.8257084892673,-54.01579918046865,-70.22975559620353,3149915,51580.81170409142,101088.11972281578,1277.7994280925202,40.539139942001476,1804.9833170572917,1859.9666341145835,1760.4666341145835,1904.4833170572917,1705.4833170572917,1959.4666341145835,1660.9666341145835,-0.03299486175939532,-63.27949067764777,-30.469239505397354,-12.627753400214,-17.841486105183353,44.08308856177126,25.905332307991014,1804.47998046875,1924.4199951171875,1878.9060009765626,1864.915997314453,NIBE.BO,2025-07-29 12:11:18.836286
198,2024-10-10 00:00:00+05:30,1870.5999755859375,1870.5999755859375,1752.8499755859375,1810.75,14911,0.0,0.0,2024-10-10,1936.8625,98.03857793710829,2034.9010779371083,1838.8239220628916,2132.9396558742164,1740.7853441257835,-55.71334690528034,-64.05100965833529,3136665,57896.62891953897,113464.94672749686,1277.2282712686304,40.00055546004356,1811.3999837239583,1869.949991861979,1752.199991861979,1929.1499837239583,1693.6499837239583,1987.699991861979,1634.449991861979,-0.11147378058136288,-64.69877221935718,-28.829177313634773,-8.167381873918162,-20.661795439716613,43.69280389433039,25.260118768084624,1815.42998046875,1936.8625,1881.2960009765625,1861.647998046875,NIBE.BO,2025-07-29 12:11:18.836286
199,2024-10-09 00:00:00+05:30,1780.0,1856.550048828125,1780.0,1845.0999755859375,29851,0.0,0.0,2024-10-09,1953.3925048828125,103.38117670088623,2056.773681583699,1850.0113281819263,2160.154858284585,1746.63015148104,-49.47568345333996,-51.689415279007235,3151576,118104.59665565031,127357.02617948632,1276.5896876017082,36.6929298628479,1827.2166748046875,1874.433349609375,1797.88330078125,1903.7667236328125,1750.6666259765625,1950.9833984375,1721.333251953125,,-60.207837486218516,-25.829721023714,-3.001933013989008,-22.827788009724994,45.86534067995194,24.590496201343154,1816.0599853515625,1953.3925048828125,1884.7030004882813,1858.3749975585938,NIBE.BO,2025-07-29 12:11:18.836286
200,2024-10-08 00:00:00+05:30,1750.0,1778.800048828125,1693.8499755859375,1768.1500244140625,30977,0.0,0.0,2024-10-08,1963.1075073242187,101.78617481626317,2064.893682140482,1861.3213325079555,2166.679856956745,1759.5351576916923,-147.89441263740864,-113.36645807211735,3121725,117448.23113418516,129670.13356044532,1275.2241677133682,44.27202519653567,1746.933349609375,1800.0167236328125,1715.066650390625,1831.8834228515625,1661.9832763671875,1884.966796875,1630.1165771484375,,-82.95283859354603,-24.98110077805609,2.70501398844224,-27.686114766498328,39.62013797992958,24.103952712533264,1823.8699951171875,1963.1075073242187,1887.3540014648438,1854.0889978027344,NIBE.BO,2025-07-29 12:11:18.836286
201,2024-10-07 00:00:00+05:30,1855.4000244140625,1855.4000244140625,1776.699951171875,1782.949951171875,42301,0.0,0.0,2024-10-07,1971.815008544922,91.12056816947846,2062.9355767144,1880.6944403754435,2154.056144883879,1789.573872205965,-136.45523952517232,-71.86441123961819,3152702,161725.2383347891,132725.60916701035,1273.9924658012696,49.356854343128234,1805.0166422526042,1833.3333333333335,1754.633260091146,1883.7167154947917,1726.3165690104167,1912.033406575521,1675.9331868489585,,-98.22946175637394,-15.937703896945322,9.626542680066823,-25.564246577012145,40.45362135915096,22.170124386274445,1860.9599853515624,1971.815008544922,1891.297001953125,1849.897998046875,NIBE.BO,2025-07-29 12:11:18.836286
202,2024-10-04 00:00:00+05:30,1800.0,1880.0,1800.0,1870.199951171875,23721,0.0,0.0,2024-10-04,1975.160009765625,84.83354588216135,2059.9935556477863,1890.3264638834637,2144.827101529948,1805.4929180013023,-109.16701694300946,-35.758097555610036,3195003,95128.14937521574,125475.70187506566,1272.2498516491344,51.111802662085,1850.066650390625,1900.13330078125,1820.13330078125,1930.066650390625,1770.066650390625,1980.13330078125,1740.13330078125,,-78.70792794407201,-5.5755036480809395,16.01760432431986,-21.593107972400798,45.71854939317007,20.715366632865816,1883.3099853515625,1975.160009765625,1895.3800024414063,1845.945498046875,NIBE.BO,2025-07-29 12:11:18.836286
203,2024-10-03 00:00:00+05:30,1850.0,1864.0,1807.5999755859375,1813.9000244140625,25069,0.0,0.0,2024-10-03,1972.580010986328,88.88170203028075,2061.461713016609,1883.6983089560472,2150.3434150468897,1794.8166069257666,-169.8659207713648,-49.263084358179874,3171282,97507.5782500205,133062.59000002814,1271.0995766489941,45.14648300732654,1828.5,1849.4000244140625,1793.0,1884.9000244140625,1772.0999755859375,1905.800048828125,1736.5999755859375,,-95.78403807320666,-0.8170729711555396,21.41588131742006,-22.2329542885756,41.127570820584914,19.347363793714823,1898.5,1972.580010986328,1895.8670043945312,1841.480498046875,NIBE.BO,2025-07-29 12:11:18.836286
204,2024-10-01 00:00:00+05:30,1919.800048828125,1919.800048828125,1878.0,1884.1500244140625,16986,0.0,0.0,2024-10-01,1973.5125122070312,87.21143187772968,2060.723944084761,1886.3010803293016,2147.9353759624905,1799.089648451572,-109.1106457583114,1.1847092037497524,3196351,68626.9366266359,141951.34293753005,1269.993806710931,40.11971805592034,1893.9833577473958,1909.9667154947915,1868.1666666666665,1935.7834065755208,1852.1833089192708,1951.7667643229165,1826.3666178385415,,-79.96427990141369,10.832229893953127,26.974119889563955,-16.14188999561083,45.59575974363581,17.567793543718476,1937.1,1973.5125122070312,1898.2170043945312,1838.1609973144532,NIBE.BO,2025-07-29 12:11:18.836286
205,2024-09-30 00:00:00+05:30,1932.0,1988.0,1800.0,1953.5999755859375,45321,0.0,0.0,2024-09-30,1970.6875122070312,91.0874194831014,2061.7749316901327,1879.6000927239297,2152.862351173234,1788.5126732408285,-106.47617635983943,16.848957251680883,3213337,189855.48050765367,160282.44451525356,1269.144904974435,45.00135607630109,1913.8666585286458,2027.7333170572915,1839.7333170572915,2101.8666585286455,1725.8666585286458,2215.7333170572915,1651.7333170572915,,-63.42857724144345,18.664182351645422,31.009592388466658,-12.345410036821235,50.64694065865034,16.240311927072845,1958.55,1970.6875122070312,1897.6860034179688,1834.1029968261719,NIBE.BO,2025-07-29 12:11:18.836286
206,2024-09-27 00:00:00+05:30,1946.0,1946.0,1889.0,1894.699951171875,35072,0.0,0.0,2024-09-27,1964.3400146484375,96.59749404249965,2060.937508690937,1867.742520605938,2157.535002733437,1771.1450265634383,-150.8303944308072,14.72314982585104,3168016,142491.51027726123,152889.18551715353,1266.6113140046812,43.40431832571072,1909.8999837239583,1930.7999674479165,1873.7999674479165,1966.8999837239583,1852.8999837239583,1987.7999674479165,1816.7999674479165,,-98.27796037103474,21.568896256284233,34.09594489767196,-12.52704864138773,45.92972886384591,14.810716339916015,1956.610009765625,1964.3400146484375,1896.9920043945312,1828.9309973144532,NIBE.BO,2025-07-29 12:11:18.836286
207,2024-09-26 00:00:00+05:30,2019.8499755859375,2019.8499755859375,1910.0999755859375,1946.1500244140625,18108,0.0,0.0,2024-09-26,1960.4350158691407,101.03747132997826,2061.472487199119,1859.3975445391625,2162.5099585290973,1758.360073209184,-88.09462128478671,51.18475112291043,3203088,75567.45830569882,155488.60432712658,1264.8069698584884,55.09188243818504,1958.6999918619792,2007.300008138021,1897.550008138021,2068.4499918619795,1848.9499918619792,2117.050008138021,1787.800008138021,,-83.38914592791087,30.761768792301382,37.22770705801889,-6.4659382657175115,49.78981706354262,14.12211415292456,1980.0900146484375,1960.4350158691407,1899.1680053710938,1824.972998046875,NIBE.BO,2025-07-29 12:11:18.836286
208,2024-09-25 00:00:00+05:30,1989.949951171875,2025.0,1935.0,2006.9000244140625,43365,0.0,0.0,2024-09-25,1954.2650146484375,105.61961688683432,2059.8846315352716,1848.6453977616031,2165.5042484221062,1743.0257808747688,-43.531948788242076,73.9284034280275,3221196,186617.8158458046,175468.8908324835,1263.7948804929924,58.39944022213967,1988.9666748046875,2042.933349609375,1952.933349609375,2078.9666748046875,1898.9666748046875,2132.933349609375,1862.933349609375,,-51.97560380144817,36.99829128361853,38.84419162444827,-1.8459003408297434,54.84345818613244,13.608180292767061,1990.760009765625,1954.2650146484375,1900.106005859375,1820.3374975585937,NIBE.BO,2025-07-29 12:11:18.836286
209,2024-09-24 00:00:00+05:30,1951.1500244140625,2000.0,1900.0,1991.4000244140625,25660,0.0,0.0,2024-09-24,1944.2825134277343,109.7376128057375,2054.0201262334717,1834.544900621997,2163.7577390392094,1724.8072878162593,-85.43232519384043,54.52139822665007,3177831,109572.90438015411,172681.65957915323,1261.14198686861,53.17802060061032,1963.8000081380208,2027.6000162760415,1927.6000162760415,2063.8000081380205,1863.8000081380208,2127.6000162760415,1827.6000162760415,,-54.29928161186164,38.43939521138623,39.3056667096557,-0.8662714982694766,53.73081359058316,13.325354111665035,2010.2699951171876,1944.2825134277343,1900.486005859375,1815.2044970703125,NIBE.BO,2025-07-29 12:11:18.836286
210,2024-09-23 00:00:00+05:30,1911.5,1991.0,1911.5,1943.9000244140625,56527,0.0,0.0,2024-09-23,1935.472509765625,112.786350043882,2048.258859809507,1822.686159721743,2161.045209853389,1709.8998096778612,-125.05496998747499,43.09326285522082,3152171,235623.10548284405,188458.848378903,1259.5960861035544,52.285954477907126,1948.8000081380208,1986.1000162760415,1906.6000162760415,2028.3000081380208,1869.3000081380208,2065.6000162760415,1827.1000162760415,,-64.81220084176937,41.22854500964331,39.52223458422307,1.7063104254202415,50.24201584515723,12.630960584418116,2017.65,1935.472509765625,1899.4440063476563,1810.4464965820312,NIBE.BO,2025-07-29 12:11:18.836286
211,2024-09-20 00:00:00+05:30,1999.5,2020.0,1950.0,2012.0999755859375,17354,0.0,0.0,2024-09-20,1928.017510986328,117.04714131163176,2045.0646522979598,1810.9703696746963,2162.1117936095916,1693.9232283630645,-58.12206183225233,75.22758387118743,3208698,74875.0563296178,176667.7841029177,1256.3899376624836,58.6188373573844,1994.0333251953125,2038.066650390625,1968.066650390625,2064.0333251953125,1924.0333251953125,2108.066650390625,1898.066650390625,,-48.34884288699128,48.8528573269632,39.095656977868,9.7572003490952,55.85727430864405,11.99545826173814,2025.589990234375,1928.017510986328,1900.1040063476562,1806.615496826172,NIBE.BO,2025-07-29 12:11:18.836286
212,2024-09-19 00:00:00+05:30,2020.0,2073.949951171875,1999.25,1999.5,49170,0.0,0.0,2024-09-19,1916.8000122070312,119.29377729021061,2036.0937894972417,1797.5062349168206,2155.387566787452,1678.2124576266099,2.3756100557719857,100.27447398337893,3191344,210818.9422392264,202115.96604624265,1255.3013621265106,57.58712011225913,2024.2333170572917,2049.2166341145835,1974.5166829427085,2098.933268229167,1949.5333658854167,2123.9165852864585,1899.8167317708335,,-50.689655172413794,51.15743082498375,36.6563568905942,14.501073934389545,54.99435300382011,11.688842465702109,2029.8,1916.8000122070312,1901.4800048828124,1802.2124975585937,NIBE.BO,2025-07-29 12:11:18.836286
213,2024-09-18 00:00:00+05:30,2129.699951171875,2129.699951171875,2090.050048828125,2104.449951171875,82456,0.0,0.0,2024-09-18,1906.8450134277343,120.33215649904245,2027.1771699267767,1786.512856928692,2147.5093264258194,1666.1807004296495,84.65752060741416,172.47908314142495,3240514,372090.7535172431,199940.22199799668,1252.2515786966576,64.18263149136979,2108.066650390625,2126.083251953125,2086.433349609375,2147.716552734375,2068.416748046875,2165.733154296875,2046.783447265625,,-26.56322961566092,54.573777356291885,33.031088406996815,21.54268894929507,64.79037504695617,11.873176261540687,2042.760009765625,1906.8450134277343,1905.2980029296875,1797.692998046875,NIBE.BO,2025-07-29 12:11:18.836286
214,2024-09-17 00:00:00+05:30,1983.5999755859375,2082.75,1891.5999755859375,2028.300048828125,23637,0.0,0.0,2024-09-17,1892.7225158691406,112.22130297889252,2004.943818848033,1780.501212890248,2117.1651218269258,1668.2799099113556,19.335698406221994,101.07317683609689,3158058,102804.60518211826,156902.58911818507,1246.3544882320703,54.83998527853111,2000.8833414713542,2110.166707356771,1919.0166829427085,2192.033365885417,1809.7333170572917,2301.3167317708335,1727.866658528646,,-41.76469524441721,47.78488071874722,27.645416169673048,20.13946454907417,59.98839425065482,12.400240633319124,2050.1400390625,1892.7225158691406,1905.97900390625,1792.512498779297,NIBE.BO,2025-07-29 12:11:18.836286
215,2024-09-16 00:00:00+05:30,2042.949951171875,2061.0,1933.0,1983.5999755859375,21269,0.0,0.0,2024-09-16,1885.4800109863281,107.58948086827576,1993.069491854604,1777.8905301180523,2100.6589727228798,1670.3010492497765,23.158050566041357,101.42419515502985,3134421,90466.78959702332,170427.0851022018,1244.8002912967293,50.22499753503042,1992.5333251953125,2052.066650390625,1924.066650390625,2120.5333251953125,1864.5333251953125,2180.066650390625,1796.066650390625,,-51.503273292824076,45.868634031521424,22.610550032404504,23.25808399911692,56.775136350766374,13.141428915207536,2052.3600341796873,1885.4800109863281,1906.147001953125,1788.2744982910156,NIBE.BO,2025-07-29 12:11:18.836286
216,2024-09-13 00:00:00+05:30,1970.0,2095.0,1969.0,2033.1500244140625,35886,0.0,0.0,2024-09-13,1878.1800109863282,105.51467890236391,1983.694689888692,1772.6653320839644,2089.209368791056,1667.1506531816003,55.48805471521348,140.936746566614,3155690,156452.49452388284,190417.1589784964,1243.4765949512355,54.9262993745585,2032.3833414713542,2095.7666829427085,1969.7666829427085,2158.3833414713545,1906.3833414713542,2221.7666829427085,1843.7666829427085,,-40.70805568321079,47.12255822806901,16.796029032625274,30.326529195443737,61.89125162021117,13.826798082359929,2044.100048828125,1878.1800109863282,1906.272001953125,1785.2574987792968,NIBE.BO,2025-07-29 12:11:18.836286
217,2024-09-12 00:00:00+05:30,2220.0,2220.0,2034.300048828125,2064.300048828125,80334,0.0,0.0,2024-09-12,1868.8500122070313,99.14831360229815,1967.9983258093296,1769.701698604733,2067.146639411628,1670.553385002435,114.63686501319737,211.863150758787,3191576,355598.75190770015,198908.32509214975,1241.0821655270631,54.95403298902188,2106.2000325520835,2178.100016276042,1992.400065104167,2291.8999837239585,1920.5000813802085,2363.799967447917,1806.700113932292,,-33.92155798951525,43.134053970453806,9.214396733764337,33.91965723668947,65.32769488337043,14.070326003322458,2007.4400390625,1868.8500122070313,1904.9700024414062,1782.009998779297,NIBE.BO,2025-07-29 12:11:18.836286
218,2024-09-11 00:00:00+05:30,2141.35009765625,2141.35009765625,2141.35009765625,2141.35009765625,33631,0.0,0.0,2024-09-11,1853.5675109863282,90.62635765562523,1944.1938686419535,1762.941153330703,2034.8202262975788,1672.3147956750777,188.1533261647099,255.83054025367935,3271910,154424.2397164073,159735.71838826215,1235.4561412211747,69.15909879065299,2141.35009765625,2141.35009765625,2141.35009765625,2141.35009765625,2141.35009765625,2141.35009765625,2141.35009765625,,-0.0,34.3062081760545,0.7344824245919694,33.57172575146253,74.8766594474069,13.345665615614564,1958.3000244140626,1853.5675109863282,1903.5030004882813,1778.117498779297,NIBE.BO,2025-07-29 12:11:18.836286
219,2024-09-10 00:00:00+05:30,2039.4000244140625,2039.4000244140625,2039.4000244140625,2039.4000244140625,26650,0.0,0.0,2024-09-10,1836.3950073242188,60.88459815910547,1897.2796054833243,1775.5104091651133,1958.1642036424298,1714.6258110060078,235.61218372598938,174.34544031607336,3238279,116543.39002746936,161063.58805622585,1232.856886249659,58.897368262419754,2039.4000244140625,2039.4000244140625,2039.4000244140625,2039.4000244140625,2039.4000244140625,2039.4000244140625,2039.4000244140625,,-0.0,14.895837036878675,-7.658449013273662,22.554286050152335,69.37698783963867,10.52942528027922,1896.5400146484376,1836.3950073242188,1899.882998046875,1772.6569982910157,NIBE.BO,2025-07-29 12:11:18.836286
220,2024-09-09 00:00:00+05:30,1942.300048828125,1942.300048828125,1910.0,1942.300048828125,107744,0.0,0.0,2024-09-09,1825.4375061035157,37.75268495487298,1863.1901910583888,1787.6848211486426,1900.9428760132616,1749.9321361937698,302.9026453481634,68.08070587534664,3211629,448742.73340201366,172193.637563415,1231.0188878704214,52.35375969479473,1931.5333658854167,1953.0667317708335,1920.7666829427085,1963.8334147135417,1899.2333170572917,1985.3667805989585,1888.4666341145835,0.15548512729942088,-0.0,-0.14047693619750135,-13.297020525811746,13.156543589614245,62.02500647482901,8.396731757318106,1854.1900146484375,1825.4375061035157,1897.8969970703124,1767.4564978027345,NIBE.BO,2025-07-29 12:11:18.836286
221,2024-09-06 00:00:00+05:30,1818.0,1869.0,1810.0,1849.8499755859375,27191,0.0,0.0,2024-09-06,1819.895001220703,26.000959092487207,1845.8959603131902,1793.894042128216,1871.8969194056774,1767.8930830357288,184.51700502521962,-27.358334620476796,3103885,107857.3389682604,103056.36360376532,1224.404730468939,52.299894721189006,1842.9499918619792,1875.8999837239585,1816.8999837239585,1901.9499918619792,1783.9499918619792,1934.8999837239585,1757.8999837239585,0.023228767047805816,-44.11194077305131,-9.826510458623943,-16.586156423215307,6.759645964591364,51.79273703950218,7.3383843828938025,1831.060009765625,1819.895001220703,1897.3449951171874,1762.5034973144532,NIBE.BO,2025-07-29 12:11:18.836286
222,2024-09-05 00:00:00+05:30,1850.0,1850.0,1799.0,1818.5999755859375,26814,0.0,0.0,2024-09-05,1817.0775024414063,25.634657064675544,1842.712159506082,1791.4428453767307,1868.3468165707575,1765.808188312055,59.16732962079025,-50.32959690173405,3076694,104565.11012575643,101856.11976264155,1222.9335194299283,57.918631487605346,1822.5333251953125,1846.066650390625,1795.066650390625,1873.5333251953125,1771.5333251953125,1897.066650390625,1744.066650390625,0.03780064203064396,-63.33948668092803,-12.973750551233252,-18.276067914363146,5.3023173631298945,47.33903123216176,7.537806384705328,1824.410009765625,1817.0775024414063,1899.7989965820314,1758.3294970703125,NIBE.BO,2025-07-29 12:11:18.836286
223,2024-09-04 00:00:00+05:30,1803.0,1850.0,1794.0,1832.550048828125,14968,0.0,0.0,2024-09-04,1811.7225036621094,34.83521212524887,1846.5577157873583,1776.8872915368604,1881.392927912607,1742.0520794116117,87.81051851963795,-50.37333159406904,3103508,58817.64505599859,101178.87217186281,1221.5485702744604,66.31796433223484,1825.5166829427083,1857.0333658854165,1801.0333658854165,1881.5166829427083,1769.5166829427083,1913.0333658854165,1745.0333658854165,0.006987698117808985,-55.99154091526062,-13.728948085691172,-19.60164725514562,5.872699169454446,49.22409612057368,8.065848272001448,1825.2400146484374,1811.7225036621094,1902.37599609375,1755.2214978027343,NIBE.BO,2025-07-29 12:11:18.836286
224,2024-09-03 00:00:00+05:30,1826.6500244140625,1839.949951171875,1790.0,1827.6500244140625,16071,0.0,0.0,2024-09-03,1808.2549987792968,36.08216335319703,1844.3371621324939,1772.1728354260997,1880.419325485691,1736.0906720729026,30.17791729812025,-57.78710781542511,3088540,62983.088148258,111769.17895082885,1220.7545361956106,63.20373808172701,1819.1999918619792,1848.3999837239585,1798.4500325520835,1869.1499430338542,1769.2500406901042,1898.3499348958335,1748.5000813802085,-0.04296811037945072,-58.57253909497567,-15.861686262209787,-21.069822047509227,5.20813578529944,48.555937798716286,8.634508766012653,1820.1800048828125,1808.2549987792968,1905.558994140625,1752.7249975585937,NIBE.BO,2025-07-29 12:11:18.836286
225,2024-09-02 00:00:00+05:30,1790.0,1840.0,1785.0,1826.6500244140625,30181,0.0,0.0,2024-09-02,1809.2824951171874,36.94579597227444,1846.228291089462,1772.336699144913,1883.1740870617364,1735.3909031726384,-11.807053895205097,-61.73382687247305,3072469,118216.19741676076,123965.70165147155,1219.9065352775553,60.54260678616442,1817.2166748046875,1849.433349609375,1794.433349609375,1872.2166748046875,1762.2166748046875,1904.433349609375,1739.433349609375,-0.04993551288702747,-59.09927079294596,-17.869330670728232,-22.37185599383409,4.502525323105857,48.42733199892753,9.04062061643725,1817.689990234375,1809.2824951171874,1908.6629931640625,1749.5349975585937,NIBE.BO,2025-07-29 12:11:18.836286
226,2024-08-30 00:00:00+05:30,1848.6500244140625,1875.0,1790.050048828125,1816.5999755859375,18287,0.0,0.0,2024-08-30,1811.4124938964844,39.16132465938001,1850.5738185558644,1772.2511692371045,1889.7351432152445,1733.0898445777243,8.572068542562336,-56.98721676032554,3042288,71234.40188433522,125403.07771014924,1218.3102174146236,61.87439761074769,1827.2166748046875,1864.38330078125,1779.433349609375,1912.1666259765625,1742.2667236328125,1949.333251953125,1694.4833984375,-0.07488847057362774,-64.39295007686862,-20.070491607835493,-23.497487324610553,3.4269957167750604,47.195424107733324,9.477971839971433,1811.3199951171875,1811.4124938964844,1913.3629907226561,1745.6369970703124,NIBE.BO,2025-07-29 12:11:18.836286
227,2024-08-29 00:00:00+05:30,1786.800048828125,1842.0,1761.0,1822.75,22955,0.0,0.0,2024-08-29,1814.8824951171875,42.57139239807085,1857.4538875152584,1772.3111027191167,1900.0252799133293,1729.7397103210458,-49.08739369331074,-73.60549745125688,3060575,89720.6512327406,138945.24666660273,1217.3549443551174,61.994797885721965,1808.5833333333333,1856.1666666666665,1775.1666666666665,1889.5833333333333,1727.5833333333333,1937.1666666666665,1694.1666666666665,-0.0853123413663993,-61.153537274690706,-21.594768732001057,-24.354236253804316,2.759467521803259,47.84483272792511,10.035770829009229,1805.55,1814.8824951171875,1917.5959912109374,1741.1554968261719,NIBE.BO,2025-07-29 12:11:18.836286
228,2024-08-28 00:00:00+05:30,1839.949951171875,1842.0,1801.0,1807.25,22330,0.0,0.0,2024-08-28,1820.4924926757812,50.34564763591512,1870.8381403116964,1770.146845039866,1921.1837879476116,1719.801197403951,-11.78393058455508,-70.84748105225572,3037620,86535.63197561572,151251.39552506825,1216.1391476294566,65.81435759301596,1816.75,1832.5,1791.5,1857.75,1775.75,1873.5,1750.5,-0.11654750525486482,-63.48288571258644,-23.824796110052603,-25.044103134255128,1.219307024202525,46.10941944496565,10.036852796946926,1801.0800048828125,1820.4924926757812,1919.7769921875,1735.9609973144532,NIBE.BO,2025-07-29 12:11:18.836286
229,2024-08-26 00:00:00+05:30,1842.0,1842.0,1800.0,1815.199951171875,25788,0.0,0.0,2024-08-26,1829.184991455078,61.672825089389214,1890.8578165444671,1767.512166365689,1952.5306416338565,1705.8393412762996,-2.4402881831220173,-72.55796474697853,3059950,100376.06031558578,167430.33641243138,1214.9820987079952,64.63802700221618,1819.066650390625,1838.13330078125,1796.13330078125,1861.066650390625,1777.066650390625,1880.13330078125,1754.13330078125,-0.11642459440236787,-51.7797580982789,-24.792410009072228,-25.348929890305754,0.5565198812335268,46.851897298896645,10.687827428476512,1804.0300048828126,1829.184991455078,1921.0889916992187,1730.7719970703124,NIBE.BO,2025-07-29 12:11:18.836286
230,2024-08-23 00:00:00+05:30,1781.0,1810.0,1762.5,1794.800048828125,40498,0.0,0.0,2024-08-23,1837.3074951171875,69.88486511872736,1907.1923602359147,1767.4226299984603,1977.0772253546422,1697.5377648797328,-77.4139978300568,-99.42973531548019,3034162,155861.073069885,184193.9054366428,1213.6222096276554,59.16408640535708,1789.1000162760417,1815.7000325520835,1768.2000325520835,1836.6000162760417,1741.6000162760417,1863.2000325520835,1720.7000325520835,-0.10110589937055321,-60.32243339165924,-26.4385561768795,-25.488059860614136,-0.9504963162653652,44.73133426789199,11.388877031662222,1817.6800048828125,1837.3074951171875,1921.0449926757813,1725.4114978027344,NIBE.BO,2025-07-29 12:11:18.836286
231,2024-08-22 00:00:00+05:30,1834.0,1848.0,1780.0,1787.75,31933,0.0,0.0,2024-08-22,1845.8324951171876,74.6626417525848,1920.4951368697723,1771.169853364603,1995.1577786223572,1696.507211612018,-54.743289211017455,-92.96317830831666,2993664,122414.96730532497,191277.1135283322,1211.5469734504654,60.9377338075478,1805.25,1830.5,1762.5,1873.25,1737.25,1898.5,1694.5,-0.1399356274421963,-63.27471605097306,-26.136456627916687,-25.250435781547793,-0.8860208463688934,44.01450921371522,11.602813357382422,1826.239990234375,1845.8324951171876,1919.6829907226563,1720.3294970703125,NIBE.BO,2025-07-29 12:11:18.836286
232,2024-08-21 00:00:00+05:30,1810.0,1849.449951171875,1749.0,1800.4000244140625,53144,0.0,0.0,2024-08-21,1855.7999938964845,79.64116746767365,1935.4411613641582,1776.1588264288107,2015.0823288318318,1696.5176589611372,-53.41922114986322,-103.2997359507851,3025597,205168.77376479053,208492.650084084,1209.920059173633,56.92272653785111,1799.6166585286458,1850.2333170572915,1749.7833658854165,1900.0666097005208,1699.1667073567708,1950.6832682291665,1649.3334147135415,-0.04780197029233808,-57.9773842695894,-24.659347750673078,-25.02893056995557,0.3695828192824919,44.98666237917052,12.08942185424492,1838.0,1855.7999938964845,1917.7809912109376,1715.485997314453,NIBE.BO,2025-07-29 12:11:18.836286
233,2024-08-20 00:00:00+05:30,1899.949951171875,1899.949951171875,1800.0,1822.0,31593,0.0,0.0,2024-08-20,1860.5074951171875,78.97394451748339,1939.481439634671,1781.533550599704,2018.4553841521542,1702.5596060822209,45.21580293425779,-75.80217343440623,3078741,123431.85428676255,209323.61916390734,1207.1323056623874,60.27576052114942,1840.6499837239583,1881.2999674479165,1781.3500162760415,1940.5999348958333,1740.7000325520833,1981.2499186197915,1681.4000651041665,-0.059751238786515046,-53.44532395355968,-23.640410035728337,-25.121326274776195,1.4809162390478576,46.61927398377401,12.613461773942996,1829.65,1860.5074951171875,1915.3129907226562,1709.895496826172,NIBE.BO,2025-07-29 12:11:18.836286
234,2024-08-19 00:00:00+05:30,1899.0,1929.449951171875,1825.0,1883.449951171875,110219,0.0,0.0,2024-08-19,1865.9774963378907,79.94909551615646,1945.926591854047,1786.0284008217343,2025.8756873702037,1706.0793053055777,126.60946686850883,-46.81734769137441,3110334,445141.9908894214,230796.56038319352,1205.4017398186902,61.630014377899954,1879.2999674479167,1933.5999348958335,1829.1499837239585,1983.7499186197917,1774.8500162760417,2038.0498860677085,1724.7000325520835,0.007178379559138317,-42.48982172905818,-24.104943283607554,-25.491555334538155,1.3866120509306015,51.5625762447087,13.25508250511452,1824.8300048828125,1865.9774963378907,1911.259990234375,1703.4979968261719,NIBE.BO,2025-07-29 12:11:18.836286
235,2024-08-16 00:00:00+05:30,1938.8499755859375,1938.8499755859375,1799.949951171875,1837.5999755859375,89009,0.0,0.0,2024-08-16,1864.6849975585938,79.86066310416858,1944.5456606627624,1784.824334454425,2024.4063237669309,1704.9636713502566,104.9839611853882,-67.77422019255924,3000115,350729.9969684627,177210.20275663654,1198.6778887594846,54.20255484012755,1858.7999674479167,1917.6499837239585,1778.749959309896,1997.6999918619792,1719.8999430338542,2056.550008138021,1639.8499348958335,-0.030797108999621927,-63.217022404532486,-30.38634932571972,-25.838208347270804,-4.548140978448917,47.7219331586344,13.560289722717785,1812.1900146484375,1864.6849975585938,1904.4359912109376,1697.107996826172,NIBE.BO,2025-07-29 12:11:18.836286
236,2024-08-14 00:00:00+05:30,1846.550048828125,1846.550048828125,1811.4000244140625,1846.550048828125,80636,0.0,0.0,2024-08-14,1868.75,80.47620457136122,1949.2262045713612,1788.2737954286388,2029.7024091427224,1707.7975908572776,50.38312613615719,-93.23232220168245,3089124,319284.67414719757,133830.25420367997,1193.519966582022,40.31325284633067,1834.8333740234375,1858.2667236328125,1823.11669921875,1869.9833984375,1799.683349609375,1893.416748046875,1787.9666748046875,-0.019650827109093157,-60.82363440858811,-33.452525385176386,-24.701173102658572,-8.751352282517814,48.41780135755884,13.888974418598226,1810.960009765625,1868.75,1900.1519921875,1691.7934973144531,NIBE.BO,2025-07-29 12:11:18.836286
237,2024-08-13 00:00:00+05:30,1800.0,1800.0,1749.949951171875,1758.6500244140625,21034,0.0,0.0,2024-08-13,1876.5974975585937,85.68148815951218,1962.2789857181058,1790.9160093990815,2047.960473877618,1705.2345212395694,-76.57333526372787,-157.5527826176551,3008488,79321.20538090951,87466.64921780054,1188.7088820723163,30.216014319622147,1769.5333251953125,1789.11669921875,1739.066650390625,1819.5833740234375,1719.4832763671875,1839.166748046875,1689.0166015625,-0.15607827893567355,-84.32946029213312,-37.75275004749665,-22.513335032029115,-15.239415015467532,40.506253980280896,14.410267317981182,1800.35,1876.5974975585937,1897.3969921875,1686.3059973144532,NIBE.BO,2025-07-29 12:11:18.836286
238,2024-08-12 00:00:00+05:30,1827.0,1847.949951171875,1767.0,1797.9000244140625,15948,0.0,0.0,2024-08-12,1888.3174987792968,84.72477191815412,1973.042270697451,1803.5927268611426,2057.767042615605,1718.8679549429885,-42.97038547674421,-136.9451621699353,3029522,61483.66937726796,89503.01017702329,1187.611474078651,40.99976021242148,1804.2833251953125,1841.566650390625,1760.61669921875,1885.2332763671875,1723.3333740234375,1922.5166015625,1679.666748046875,-0.17415706787046434,-73.83340329921218,-34.02950876305954,-18.70348127816223,-15.32602748489731,43.25722720790247,14.209557165334722,1790.9199951171875,1888.3174987792968,1896.0259912109375,1682.3804968261718,NIBE.BO,2025-07-29 12:11:18.836286
239,2024-08-09 00:00:00+05:30,1869.0,1874.0,1797.699951171875,1820.25,17171,0.0,0.0,2024-08-09,1899.7174987792969,87.22079793155775,1986.9382967108547,1812.496700847739,2074.1590946424126,1725.2759029161814,-25.657745126247033,-116.61678056953583,3045470,67021.57680054194,96507.84537696211,1186.7192125269873,48.81170750013975,1830.6499837239583,1863.6000162760415,1787.2999674479165,1906.9500325520833,1754.3499348958333,1939.9000651041665,1710.9999186197915,-0.055221693468398496,-67.85667418990285,-32.61256334945324,-14.8719744069379,-17.740588942515338,44.868461296724796,14.200733512243229,1783.97998046875,1899.7174987792969,1894.2659912109375,1678.7814965820312,NIBE.BO,2025-07-29 12:11:18.836286
240,2024-08-08 00:00:00+05:30,1810.0,1870.0,1795.0,1831.449951171875,20078,0.0,0.0,2024-08-08,1905.6700012207032,85.55851596987095,1991.2285171905742,1820.1114852508322,2076.787033160445,1734.5529692809612,-33.954311988309975,-111.8143260207702,3062641,78850.33052077764,103879.41252106715,1185.7203672350643,55.98278617446782,1832.1499837239583,1869.2999674479165,1794.2999674479165,1907.1499837239583,1757.1499837239583,1944.2999674479165,1719.2999674479165,-0.07532208233362063,-64.86163404167529,-32.50544805414188,-10.436827171309064,-22.068620882832818,45.65985075960442,14.569683952450262,1789.569970703125,1905.6700012207032,1890.9479907226562,1675.7154968261718,NIBE.BO,2025-07-29 12:11:18.836286
241,2024-08-07 00:00:00+05:30,1731.550048828125,1797.050048828125,1731.550048828125,1793.5,22187,0.0,0.0,2024-08-07,1912.9425048828125,85.09816239865671,1998.0406672814693,1827.8443424841557,2083.138829680126,1742.746180085499,-92.05815541745375,-156.3431903940918,3042563,85327.29490555053,110136.68302113951,1184.5277325631564,45.90867372832586,1774.0333658854167,1816.5166829427085,1751.0166829427085,1839.5333658854167,1708.5333658854167,1882.0166829427085,1685.5166829427085,-0.14409654198746455,-75.01003787297635,-32.97882672246351,-4.919671950600859,-28.05915477186265,42.4670267552911,14.908137055693782,1797.12998046875,1912.9425048828125,1885.8309912109376,1673.3339978027343,NIBE.BO,2025-07-29 12:11:18.836286
242,2024-08-06 00:00:00+05:30,1760.0,1825.0,1700.050048828125,1711.5,34350,0.0,0.0,2024-08-06,1927.3125,88.08055159752051,2015.3930515975205,1839.2319484024795,2103.473603195041,1751.151396804959,-145.8434895031164,-175.89426989856298,3020376,126064.16689303172,116339.03005003676,1183.2823015390325,38.16432373282468,1745.5166829427083,1790.9833170572915,1666.0333658854165,1870.4666341145833,1620.5667317708333,1915.9332682291665,1541.0834147135415,-0.24075815133130588,-96.93810598557549,-29.34772048206196,2.0951167423648043,-31.442837224426764,34.77811476702959,14.13360904596049,1815.62998046875,1927.3125,1879.9729907226563,1672.170498046875,NIBE.BO,2025-07-29 12:11:18.836286
243,2024-08-05 00:00:00+05:30,1760.550048828125,1835.0,1756.0999755859375,1763.199951171875,38098,0.0,0.0,2024-08-05,1951.2574951171875,91.35764828905768,2042.6151434062451,1859.89984682813,2133.972791695303,1768.5421985390722,-163.287133165046,-134.26867224787048,3054726,144042.8666464633,113907.745839288,1181.604500133328,39.179271712286756,1784.7666422526042,1813.433308919271,1734.5332845052085,1863.6666666666667,1705.8666178385417,1892.3333333333335,1655.633260091146,-0.2466166713707127,-97.76660111963696,-16.178384151819955,9.955826048471495,-26.13421020029145,37.73020216487283,13.299501958555409,1860.319970703125,1951.2574951171875,1875.569990234375,1671.0319982910157,NIBE.BO,2025-07-29 12:11:18.836286
244,2024-08-02 00:00:00+05:30,1862.0,1885.0,1801.0,1848.199951171875,21827,0.0,0.0,2024-08-02,1970.0224975585938,89.21581981050925,2059.2383173691032,1880.8066777480847,2148.454137179612,1791.5908579375753,-127.591042453363,-73.76945891185429,3092824,86502.96945696637,106373.96563749418,1179.5483409704984,48.82175785278191,1844.7333170572917,1888.4666341145835,1804.4666341145835,1928.7333170572917,1760.7333170572917,1972.4666341145835,1720.4666341145835,-0.06792739869369872,-83.2794997421137,-4.164177766364446,16.489378598544356,-20.653556364908802,43.3475516801376,12.965316639265573,1903.8999755859375,1970.0224975585938,1870.5629907226562,1670.2169982910157,NIBE.BO,2025-07-29 12:11:18.836286
245,2024-08-01 00:00:00+05:30,1899.949951171875,1919.699951171875,1830.0,1869.25,17145,0.0,0.0,2024-08-01,1979.4474975585938,85.55033147586312,2064.997829034457,1893.8971660827306,2150.54816051032,1808.3468346068676,-90.70147387760181,-40.679869265173906,3114651,68721.54139714158,111341.71468262613,1178.1912528767432,58.713299536823186,1872.9833170572917,1915.9666341145835,1826.2666829427085,1962.6832682291667,1783.2833658854167,2005.6665852864585,1736.5667317708335,-0.06217889975488784,-76.11840012491497,2.9095285569287626,21.652767689771554,-18.743239132842792,44.88423593796755,13.10214867957531,1929.789990234375,1979.4474975585938,1864.5749926757812,1669.4369982910157,NIBE.BO,2025-07-29 12:11:18.836286
246,2024-07-31 00:00:00+05:30,1922.0,1962.0,1875.0,1886.0,19567,0.0,0.0,2024-07-31,1985.4774963378907,81.53004950463547,2067.0075458425263,1903.9474468332553,2148.5375953471616,1822.4173973286197,-52.921381613828416,-11.469703097475053,3131796,79132.32875954662,121996.75800399725,1177.0877855618942,52.44990796754936,1907.6666666666667,1940.3333333333335,1853.3333333333335,1994.6666666666667,1820.6666666666667,2027.3333333333335,1766.3333333333335,-0.02594960232026244,-70.42015117701631,9.84882156266417,26.33857747298225,-16.48975591031808,46.09154757675986,13.586625555770562,1949.0,1985.4774963378907,1858.6709936523437,1666.8014978027343,NIBE.BO,2025-07-29 12:11:18.836286
247,2024-07-30 00:00:00+05:30,1980.0,2018.949951171875,1911.25,1934.949951171875,18618,0.0,0.0,2024-07-30,1989.5799987792968,78.25974417075007,2067.839742950047,1911.3202546085467,2146.0994871207968,1833.0605104377967,18.753969716276583,21.036130158065653,3151363,77248.62811071027,132712.8653151099,1175.7935424042641,49.24897115377806,1955.0499674479167,1998.8499348958335,1891.1499837239585,2062.749918619792,1847.3500162760417,2106.5498860677085,1783.4500325520835,-0.019370780642497035,-53.767673101504215,16.934373644815423,30.461016450561768,-13.526642805746345,49.72079715521337,14.606395087811489,1969.2199951171874,1989.5799987792968,1850.9259936523438,1663.2339978027344,NIBE.BO,2025-07-29 12:11:18.836286
248,2024-07-29 00:00:00+05:30,2044.0,2074.0,1960.0,1981.0999755859375,24995,0.0,0.0,2024-07-29,1992.3799987792968,77.19687690155489,2069.5768756808516,1915.183121877742,2146.7737525824064,1837.986244976187,82.89647569285226,52.46837960938235,3169981,106181.1798899796,146578.9246162098,1174.4724945687262,45.628440504992305,2005.0333251953125,2050.066650390625,1936.066650390625,2119.0333251953125,1891.0333251953125,2164.066650390625,1822.066650390625,-0.005709198039702761,-55.5921579604027,20.92861750359998,33.84267715199835,-12.914059648398371,53.401978551988485,15.235889719633711,1961.1400146484375,1992.3799987792968,1841.9999951171876,1658.4489978027343,NIBE.BO,2025-07-29 12:11:18.836286
249,2024-07-26 00:00:00+05:30,1997.949951171875,1997.949951171875,1941.300048828125,1977.6500244140625,17497,0.0,0.0,2024-07-26,1991.3424987792969,77.49531517291764,2068.8378139522147,1913.8471836063793,2146.333129125132,1836.3518684334615,38.54200027173073,36.40674156082458,3144986,74199.51114891165,156678.36079776735,1172.5836501386527,52.684338714196954,1972.3000081380208,2003.2999674479165,1946.6500651041665,2028.9499104817708,1915.6501057942708,2059.9498697916665,1890.0001627604165,0.0025209298521126034,-59.986549972131805,21.180281592574147,37.07119206409794,-15.890910471523796,53.161255830660174,15.241985273841376,1951.2000244140625,1991.3424987792969,1832.0469946289063,1653.9689978027343,NIBE.BO,2025-07-29 12:11:18.836286
250,2024-07-25 00:00:00+05:30,1960.0,2033.0,1940.050048828125,1965.300048828125,25023,0.0,0.0,2024-07-25,1989.4649963378906,78.29524608203319,2067.760242419924,1911.1697502558575,2146.055488501957,1832.8745041738243,54.02428249394392,42.452026352099075,3127489,105452.34797511758,177298.07320998126,1171.2618134661718,60.94680120719625,1979.4500325520833,2018.8500162760415,1925.9000651041665,2072.399983723958,1886.5000813802083,2111.7999674479165,1832.9501139322915,-0.022823259452813247,-62.75343238256933,21.521342449285157,41.04391968197889,-19.522577232693735,52.34290341855439,16.129072854209873,1927.1900146484375,1989.4649963378906,1820.823994140625,1648.8274975585937,NIBE.BO,2025-07-29 12:11:18.836286
251,2024-07-24 00:00:00+05:30,1899.949951171875,1989.25,1840.050048828125,1987.0999755859375,41506,0.0,0.0,2024-07-24,1986.934991455078,79.91792316537274,2066.852914620451,1907.0170682897053,2146.7708377858235,1827.0991451243326,-16.587083988468514,24.922788561892073,3152512,176855.5173308233,195259.50451869718,1169.3929211126347,64.14687689352563,1938.8000081380208,2037.5499674479165,1888.3500162760415,2087.9999593098955,1789.6000569661458,2186.7499186197915,1739.1500651041665,-0.03313231306727922,-57.86938759435941,22.848208225821054,45.92456399015232,-23.076355764331268,53.88608345555218,17.084397940760564,1917.910009765625,1986.934991455078,1808.498994140625,1643.1129968261719,NIBE.BO,2025-07-29 12:11:18.836286
252,2024-07-23 00:00:00+05:30,1936.0,1979.9000244140625,1834.8499755859375,1894.550048828125,35705,0.0,0.0,2024-07-23,1986.2074951171876,79.98254044821164,2066.1900355653993,1906.224954668976,2146.172576013611,1826.2424142207642,-76.8882231631998,11.934965547985446,3111006,145051.80359833216,199860.50131566564,1166.1880472317787,64.46148904419742,1903.1000162760417,1971.350056966146,1826.300008138021,2048.150065104167,1758.0499674479167,2116.400105794271,1681.249959309896,-0.08214779700430896,-78.60422732352103,22.053851043483064,51.693652931235135,-29.63980188775207,47.82174258339025,18.152708155925744,1921.1900146484375,1986.2074951171876,1796.5109936523438,1636.5169970703125,NIBE.BO,2025-07-29 12:11:18.836286
253,2024-07-22 00:00:00+05:30,1800.0,1945.0,1799.050048828125,1931.4000244140625,36067,0.0,0.0,2024-07-22,1988.852490234375,77.63208388678376,2066.484574121159,1911.2204063475913,2144.1166580079425,1833.5883224608074,-99.91303352627918,10.60421201527834,3146711,149372.36789717028,213562.675744999,1163.7240208067178,60.8643930325577,1891.8166910807292,1984.5833333333335,1838.6333821614585,2037.7666422526042,1745.8667399088542,2130.5332845052085,1692.6834309895835,-0.08031631708379318,-70.34837705367266,29.817449391585114,59.10360340317315,-29.28615401158804,50.26573597281593,19.18857812296729,1940.8900146484375,1988.852490234375,1787.0939916992188,1630.2144970703125,NIBE.BO,2025-07-29 12:11:18.836286
254,2024-07-19 00:00:00+05:30,1902.0999755859375,1910.0,1823.0,1857.5999755859375,59289,0.0,0.0,2024-07-19,1991.8674865722655,76.44522864532854,2068.312715217594,1915.422257926937,2144.7579438629227,1838.9770292816083,-134.93403192848092,2.479531085124693,3110644,236164.34761677237,229610.25270695615,1161.0916705797217,60.766569350605145,1863.5333251953125,1904.066650390625,1817.066650390625,1950.5333251953125,1776.5333251953125,1991.066650390625,1730.066650390625,-0.0707589649541176,-91.80871600728261,35.67626408422802,66.42514190607015,-30.74887782184213,45.04255132985616,19.879895744282116,1959.7900146484376,1991.8674865722655,1778.104990234375,1622.9414965820313,NIBE.BO,2025-07-29 12:11:18.836286
255,2024-07-18 00:00:00+05:30,1970.0,1999.949951171875,1903.3499755859375,1918.9000244140625,48143,0.0,0.0,2024-07-18,1998.1299865722656,69.69964114648225,2067.829627718748,1928.4303454257833,2137.5292688652303,1858.730704279301,-96.23899811784273,34.041878159032215,3169933,198094.99874834402,227971.72897950205,1157.1433623367377,65.89264020463632,1940.7333170572917,1978.116658528646,1881.5166829427085,2037.3332926432292,1844.1333414713542,2074.7166341145835,1784.916707356771,-0.11225419819676984,-88.89189845795221,49.904959460393684,74.11236136153069,-24.207401901137004,49.012709647213654,20.187063782012107,1976.130029296875,1998.1299865722656,1770.519990234375,1616.6169970703124,NIBE.BO,2025-07-29 12:11:18.836286
256,2024-07-16 00:00:00+05:30,2000.0,2025.0,1961.0,2003.5,19278,0.0,0.0,2024-07-16,2005.26748046875,68.45716138640395,2073.724641855154,1936.810319082346,2142.1818032415576,1868.353157695942,-46.133796610817086,56.528150706145226,3218076,82820.78373432407,235440.9115372915,1153.6207591627772,71.13827031811404,1996.5,2032.0,1968.0,2060.5,1932.5,2096.0,1904.0,-0.08210860885410211,-65.85895741363764,61.328739497405195,80.16421183681494,-18.835472339409748,55.25399003281087,21.317354756314113,1987.730029296875,2005.26748046875,1760.869990234375,1610.2914965820312,NIBE.BO,2025-07-29 12:11:18.836286
257,2024-07-15 00:00:00+05:30,2093.0,2093.0,1971.0,1993.050048828125,43210,0.0,0.0,2024-07-15,2006.50498046875,68.6469687483477,2075.151949217098,1937.8580117204024,2143.7989179654455,1869.2110429720547,-20.269971001374227,67.04521370325209,3198798,184667.50612789154,273595.9434880334,1152.0440977178296,70.72493375123148,2019.0166829427083,2067.0333658854165,1945.0333658854165,2141.016682942708,1897.0166829427083,2189.0333658854165,1823.0333658854165,0.008757798300325368,-68.7040304481241,66.69360059318501,84.87307992166737,-18.17947932848236,54.590750276894184,22.7275530549829,2003.210009765625,2006.50498046875,1750.7779907226563,1602.53849609375,NIBE.BO,2025-07-29 12:11:18.836286
258,2024-07-12 00:00:00+05:30,1930.0,2036.25,1880.0,2025.9000244140625,71070,0.0,0.0,2024-07-12,2003.44248046875,70.61680638986591,2074.059286858616,1932.8256740788843,2144.6760932484817,1862.2088676890182,-54.1708997618004,56.94790366024962,3242008,308739.600837805,295828.05282806884,1148.5324396131582,70.02271233741996,1980.7166748046875,2081.433349609375,1925.183349609375,2136.9666748046875,1824.4666748046875,2237.683349609375,1768.933349609375,0.060547632648235886,-59.76039251279778,73.5809012692066,89.41794975378795,-15.837048484581345,57.05950911018149,24.13008321292904,2042.67998046875,2003.44248046875,1740.5689892578125,1594.3054956054686,NIBE.BO,2025-07-29 12:11:18.836286
259,2024-07-11 00:00:00+05:30,1976.9000244140625,2060.199951171875,1878.0999755859375,1939.300048828125,72897,0.0,0.0,2024-07-11,1995.7899780273438,76.13242573878799,2071.9224037661315,1919.6575522885557,2148.05482950492,1843.5251265497677,-72.79909655810418,52.72688808077229,3170938,303139.6028931198,292600.1658256348,1142.4652200519708,64.60968750350405,1959.1999918619792,2040.300008138021,1858.2000325520835,2141.299967447917,1777.1000162760417,2222.3999837239585,1676.100056966146,0.028649225567935598,-83.3378476869283,78.04864618657052,93.3772118749333,-15.328565688362772,51.71414401748657,25.716871391126084,2065.1999755859374,1995.7899780273438,1729.92298828125,1585.6254956054688,NIBE.BO,2025-07-29 12:11:18.836286
260,2024-07-10 00:00:00+05:30,2030.0,2040.0,1976.9000244140625,1976.9000244140625,52443,0.0,0.0,2024-07-10,1989.4749755859375,85.70151923304073,2075.1764948189784,1903.7734563528968,2160.878014052019,1818.071937119856,-35.066974864970035,68.5464115513708,3243835,222310.63926979768,289965.3065587635,1136.772875055385,66.60420459137781,1997.933349609375,2018.9666748046875,1955.86669921875,2061.0333251953125,1934.8333740234375,2082.066650390625,1892.7667236328125,0.12189852446482434,-75.83672743233035,91.1149437720137,97.209353297024,-6.094409525010292,54.44668762592379,27.425720198415206,2084.6799560546874,1989.4749755859375,1721.4489868164062,1578.3194946289063,NIBE.BO,2025-07-29 12:11:18.836286
261,2024-07-09 00:00:00+05:30,2188.0,2209.0,2080.89990234375,2080.89990234375,58437,0.0,0.0,2024-07-09,1976.9649719238282,103.95161774506083,2080.916589668889,1873.0133541787675,2184.8682074139497,1769.0617364337065,85.01384767871433,112.23628307590464,3296278,260751.6800723913,306878.9733810049,1132.4329372608534,63.94463178773633,2123.5999348958335,2166.299967447917,2038.199869791667,2251.7000325520835,1995.4998372395835,2294.400065104167,1910.099772135417,0.17492377612590532,-46.46237368452446,102.76020681579189,98.73295567827655,4.027251137515336,62.996008216223,28.737667278069374,2087.2699462890623,1976.9649719238282,1713.1269873046874,1571.273494873047,NIBE.BO,2025-07-29 12:11:18.836286
262,2024-07-08 00:00:00+05:30,2245.39990234375,2245.39990234375,2171.0,2190.39990234375,103534,0.0,0.0,2024-07-08,1957.5524780273438,118.72313192664402,2076.275609953988,1838.8293461006997,2194.9987418806318,1720.1062141740558,195.58481895306664,143.96960558187772,3354715,486288.96863125404,318410.7967081582,1126.9417253358606,74.18416670973517,2202.2666015625,2233.533203125,2159.13330078125,2276.66650390625,2127.86669921875,2307.93310546875,2084.7333984375,0.19585226584339518,-15.534532234947388,105.8702873285265,97.72614289389772,8.144144434628785,74.4208707378272,28.762534743873577,2064.6999755859374,1957.5524780273438,1702.944990234375,1562.5299963378907,NIBE.BO,2025-07-29 12:11:18.836286
263,2024-07-05 00:00:00+05:30,2138.5,2138.5,2100.050048828125,2138.5,111102,0.0,0.0,2024-07-05,1931.8824829101563,121.2047541114501,2053.0872370216066,1810.6777287987063,2174.2919911330564,1689.472974687256,248.48277977969823,129.4122137011497,3251181,509470.62054345006,276441.25372738426,1115.9202618159704,74.11432272412358,2125.683349609375,2151.316650390625,2112.86669921875,2164.13330078125,2087.2333984375,2189.7666015625,2074.416748046875,0.2701014973913868,-0.0,97.463946661823,95.69010678524052,1.7738398765824854,72.20206632192009,27.29343303258395,2024.8099853515625,1931.8824829101563,1690.0879931640625,1551.5949975585938,NIBE.BO,2025-07-29 12:11:18.836286
264,2024-07-04 00:00:00+05:30,1999.8499755859375,2089.300048828125,1980.0999755859375,2036.699951171875,93292,0.0,0.0,2024-07-04,1905.924981689453,129.9050641893328,2035.8300458787858,1776.0199175001203,2165.7351100681185,1646.1148533107876,237.9699758079458,108.14979611675864,3140079,407436.06595461356,218183.91202336783,1104.4198889420647,71.69998943170732,2035.3666585286458,2090.633341471354,1981.4332682291665,2144.566731770833,1926.1665852864583,2199.8334147135415,1872.233194986979,0.23120028120076655,-31.019516590813172,90.33591078661243,95.24664681609488,-4.91073602948245,66.986227593699,26.51445255217126,1989.17998046875,1905.924981689453,1679.0459936523437,1540.1819976806642,NIBE.BO,2025-07-29 12:11:18.836286
265,2024-07-03 00:00:00+05:30,1948.0,1999.9000244140625,1940.0,1989.8499755859375,48384,0.0,0.0,2024-07-03,1881.2024841308594,149.3079738928304,2030.5104580236898,1731.894510238029,2179.8184319165202,1582.5865363451985,21.56804324778915,94.70367354172559,3046787,206447.7323012608,170870.87354055638,1095.5318806680957,71.57795188959884,1976.5833333333333,2013.1666666666665,1953.266642252604,2036.4833577473958,1916.6833089192708,2073.066691080729,1893.3666178385415,,-45.55228779487408,89.86690131905016,96.47433082346548,-6.607429504415322,64.10827881953534,26.126068631841765,1969.8599853515625,1881.2024841308594,1670.4019946289063,1529.3124981689452,NIBE.BO,2025-07-29 12:11:18.836286
266,2024-07-02 00:00:00+05:30,2000.0,2000.0,1950.0,1968.050048828125,29621,0.0,0.0,2024-07-02,1862.8799865722656,157.53163471648546,2020.4116212887511,1705.34835185578,2177.9432560052364,1547.8167171392947,-18.662003384571502,98.93665968709035,2998403,125003.98784898479,161976.65885038025,1091.0880234299555,72.92270912101145,1972.683349609375,1995.36669921875,1945.36669921875,2022.683349609375,1922.683349609375,2045.36669921875,1895.36669921875,,-40.03465690870052,92.5188201066344,98.1261881995693,-5.607368092934905,62.703465549204736,26.694987956928106,1954.82998046875,1862.8799865722656,1664.2429956054686,1518.4594982910157,NIBE.BO,2025-07-29 12:11:18.836286
267,2024-07-01 00:00:00+05:30,2008.0,2008.0,1970.0,1990.949951171875,32140,0.0,0.0,2024-07-01,1849.9174865722657,159.0808235305253,2008.998310102791,1690.8366630417404,2168.0791336333164,1531.755839511215,9.595687925295373,111.10541284242038,3028024,137212.67415714444,171219.82660072908,1088.4121228539802,76.70050857717901,1989.6499837239583,2009.2999674479165,1971.2999674479165,2027.6499837239583,1951.6499837239583,2047.2999674479165,1933.2999674479165,,-29.53262642655818,96.65924194557329,99.52803022280301,-2.8687882772297257,65.19241270064302,27.126248848877015,1955.72998046875,1849.9174865722657,1659.0499951171876,1507.9439978027344,NIBE.BO,2025-07-29 12:11:18.836286
268,2024-06-28 00:00:00+05:30,1979.949951171875,2000.0,1940.199951171875,1960.3499755859375,22461,0.0,0.0,2024-06-28,1834.8749877929688,159.266973026619,1994.141960819588,1675.6080147663497,2153.4089338462068,1516.3410417397308,-18.116901913269658,110.37932042667137,2995884,94417.1120946915,179721.6147116252,1085.4140580855785,76.97007843949216,1966.8499755859375,1993.5,1933.699951171875,2026.6500244140625,1907.0499267578125,2053.300048828125,1873.89990234375,,-36.04811284170078,98.24040919118579,100.24522729211044,-2.004818100924652,63.389253920863005,27.23390347708763,1947.02998046875,1834.8749877929688,1652.7319970703124,1497.162998046875,NIBE.BO,2025-07-29 12:11:18.836286
269,2024-06-27 00:00:00+05:30,1945.0,2001.0,1925.0,1940.0999755859375,35395,0.0,0.0,2024-06-27,1822.352490234375,158.7271600232675,1981.0796502576425,1663.6253302111074,2139.8068102809098,1504.89817018784,-16.983298654547703,114.03033186536045,2973423,147249.57164602584,201047.74036585863,1083.3782144355082,77.18795274355529,1955.3666585286458,1985.7333170572915,1909.7333170572915,2031.3666585286458,1879.3666585286458,2061.7333170572915,1833.7333170572915,,-34.485574535637475,101.78992531802874,100.7464318173416,1.0434935006871342,62.18550110188862,27.43229639519245,1953.2999755859375,1822.352490234375,1645.4309985351563,1486.617998046875,NIBE.BO,2025-07-29 12:11:18.836286
270,2024-06-26 00:00:00+05:30,1999.0,1999.949951171875,1910.0,1914.699951171875,24711,0.0,0.0,2024-06-26,1808.064990234375,160.42208089723303,1968.487071131608,1647.642909337142,2128.909152028841,1487.220828439909,-8.631718771136658,117.09647899276366,2938028,101456.3093688603,214497.2825458168,1080.2252710075793,77.36788271438282,1941.5499674479167,1973.0999348958335,1883.1499837239585,2031.4999186197917,1851.6000162760417,2063.0498860677085,1793.2000325520835,,-36.593460488198204,106.78642815742592,100.4855584421698,6.300869715256113,60.67969294935304,27.64595030699764,1961.8499755859375,1808.064990234375,1637.0159985351563,1475.8444982910157,NIBE.BO,2025-07-29 12:11:18.836286
271,2024-06-25 00:00:00+05:30,1960.0,2000.0,1960.0,1972.550048828125,24771,0.0,0.0,2024-06-25,1791.1099914550782,166.36819743186078,1957.478188886939,1624.7417940232174,2123.8463863188,1458.3735965913565,38.66297416977057,141.0245984550259,2962739,104775.46182056991,242757.52584005587,1078.0756829417912,77.77893502744183,1977.5166829427083,1995.0333658854165,1955.0333658854165,2017.5166829427083,1937.5166829427083,2035.0333658854165,1915.0333658854165,,-26.744957377212707,114.06700725535052,98.91034101335578,15.156666241994742,66.25985398466604,27.885521389675485,1991.2399658203126,1791.1099914550782,1627.6619995117187,1464.914498901367,NIBE.BO,2025-07-29 12:11:18.836286
272,2024-06-24 00:00:00+05:30,1990.0,1990.0,1915.0,1947.449951171875,28969,0.0,0.0,2024-06-24,1767.5124877929688,172.63101760339552,1940.1435053963644,1594.8814701895733,2112.77452299976,1422.2504525861777,32.35627796415047,142.35385992686184,2937968,120972.8249107719,277253.04184492736,1075.7599626793428,74.40949035884134,1950.816650390625,1986.63330078125,1911.63330078125,2025.816650390625,1875.816650390625,2061.63330078125,1836.63330078125,,-31.018042469004442,115.96270864555754,95.12117445285708,20.841534192700465,64.96168184526735,27.39651853959042,2002.3799560546875,1767.5124877929688,1616.8599975585937,1453.5559985351563,NIBE.BO,2025-07-29 12:11:18.836286
273,2024-06-21 00:00:00+05:30,2005.0,2005.0,1891.3499755859375,1991.699951171875,49719,0.0,0.0,2024-06-21,1744.7074890136719,177.6624208067947,1922.3699098204665,1567.0450682068772,2100.032330627261,1389.3826474000825,49.58328095726529,161.32494602764723,2966937,212341.22134938653,316323.0960784662,1073.1127604914018,78.7839545620328,1962.6833089192708,2034.016642252604,1920.3666178385415,2076.333333333333,1849.0332845052083,2147.6666666666665,1806.716593424479,,-23.48484407665867,119.10474945756596,89.91079090468196,29.193958552884,69.32835935750879,26.94423082155506,1999.2499755859376,1744.7074890136719,1608.0669995117187,1442.4954992675782,NIBE.BO,2025-07-29 12:11:18.836286
274,2024-06-20 00:00:00+05:30,2120.0,2120.0,1958.5999755859375,1982.8499755859375,82023,0.0,0.0,2024-06-20,1720.764990234375,174.868754511802,1895.6337447461772,1545.896235722573,2070.5024992579793,1371.0274812107712,87.74712359055889,207.9882361748545,2917218,348749.4401605823,342318.5647607361,1068.2998937894,79.49139985447493,2020.4833170572917,2082.366658528646,1920.9666341145835,2181.8833414713545,1859.0832926432292,2243.7666829427085,1759.566609700521,,-24.991479598834577,116.9649418690376,82.61230126646095,34.352640602576656,68.94062717155303,26.457151740593904,1975.47998046875,1720.764990234375,1599.8910009765625,1430.8304998779297,NIBE.BO,2025-07-29 12:11:18.836286
275,2024-06-19 00:00:00+05:30,2129.64990234375,2129.64990234375,2001.0,2061.64990234375,120538,0.0,0.0,2024-06-19,1699.0624938964843,167.40527240736088,1866.467766303845,1531.6572214891235,2033.873038711206,1364.2519490817626,129.84550087603824,259.1368385759611,2999241,532876.9222178366,340710.8459107745,1060.3259272455555,89.78694995240829,2064.0999348958335,2127.199869791667,1998.549967447917,2192.7498372395835,1935.4500325520835,2255.849772135417,1869.900065104167,,-11.576440467333613,113.3247321449303,74.02414111581678,39.30059102911352,76.98721423897558,24.977661354753053,1941.5099853515626,1699.0624938964843,1590.407001953125,1418.9404998779296,NIBE.BO,2025-07-29 12:11:18.836286
276,2024-06-18 00:00:00+05:30,2028.3499755859375,2028.3499755859375,2011.0,2028.25,110532,0.0,0.0,2024-06-18,1674.6825012207032,145.95182715827002,1820.6343283789734,1528.730674062433,1966.5861555372433,1382.7788469041632,154.40527665484828,267.64940446013526,2878703,480725.9055771025,292669.3268340089,1047.3293051092294,89.54652666764578,2022.5333251953125,2034.066650390625,2016.7166748046875,2039.88330078125,2005.183349609375,2051.4166259765625,1999.36669921875,,-0.02056687738298916,99.18652036072194,64.19899335853839,34.987527002183555,75.87915074916195,22.737967617260498,1874.5199951171876,1674.6825012207032,1577.9110034179687,1406.0530010986329,NIBE.BO,2025-07-29 12:11:18.836286
277,2024-06-14 00:00:00+05:30,1865.0,1948.949951171875,1830.0,1931.800048828125,50270,0.0,0.0,2024-06-14,1648.207501220703,124.95484183425229,1773.1623430549553,1523.252659386451,1898.1171848892077,1398.2978175521985,147.9724349265768,218.43690957452029,2768171,208237.56231072918,245655.1821482355,1035.5137589439275,90.39269191672467,1903.5833333333333,1977.1666666666665,1858.2167154947915,2022.5332845052083,1784.6333821614583,2096.1166178385415,1739.2667643229165,,-4.210114980142409,82.8718832259949,55.4521116079925,27.419771618002407,72.30315651828607,20.844146672285024,1807.4,1648.207501220703,1564.7150024414063,1393.7655010986327,NIBE.BO,2025-07-29 12:11:18.836286
278,2024-06-13 00:00:00+05:30,1903.6500244140625,1903.6500244140625,1822.75,1872.8499755859375,98272,0.0,0.0,2024-06-13,1626.05,110.47154803938895,1736.521548039389,1515.578451960611,1846.9930960787779,1405.106903921222,170.76020146589835,214.11670641463675,2717901,394657.8972702486,255009.58710761208,1030.5766441761461,86.94844410065448,1866.4166666666667,1910.0833333333335,1829.183308919271,1947.3166910807292,1785.5166422526042,1990.983357747396,1748.2832845052085,,-6.7983766711411855,70.22742809730948,48.597168703491896,21.63025939381759,69.75865821458828,19.288820475979087,1756.439990234375,1626.05,1552.1450024414062,1382.3700006103516,NIBE.BO,2025-07-29 12:11:18.836286
279,2024-06-12 00:00:00+05:30,1726.6500244140625,1813.0,1726.0,1813.0,95355,0.0,0.0,2024-06-12,1606.5799987792968,98.33300635141515,1704.913005130712,1508.2469924278817,1803.2460114821272,1409.9139860764665,134.42966094669612,175.9353267274696,2619629,370705.720461867,220097.5095669529,1021.4080572501512,83.98468545722787,1784.0,1842.0,1755.0,1871.0,1697.0,1929.0,1668.0,,-0.0,58.780330970082105,43.18960385503749,15.590727115044615,66.89109956871465,17.920446919253216,1705.739990234375,1606.5799987792968,1540.4550024414064,1371.585501098633,NIBE.BO,2025-07-29 12:11:18.836286
280,2024-06-11 00:00:00+05:30,1719.949951171875,1760.0,1660.0,1726.699951171875,36649,0.0,0.0,2024-06-11,1586.7549987792968,94.4175494269509,1681.1725482062477,1492.3374493523459,1775.5900976331986,1397.919899925395,77.43477821762639,134.54407465557512,2524274,135695.99159917526,182445.45684322438,1012.9576820547211,79.61723081298462,1715.566650390625,1771.13330078125,1671.13330078125,1815.566650390625,1615.566650390625,1871.13330078125,1571.13330078125,,-14.783958152488426,49.1282825320186,39.291922076276336,9.836360455742266,62.076227628244105,17.142460517275353,1651.589990234375,1586.7549987792968,1529.7780029296875,1361.8175012207032,NIBE.BO,2025-07-29 12:11:18.836286
281,2024-06-10 00:00:00+05:30,1749.0,1749.0,1683.0,1692.6500244140625,48252,0.0,0.0,2024-06-10,1567.8725036621095,102.3839214993559,1670.2564251614654,1465.4885821627536,1772.6403466608213,1363.1046606633977,83.26288005064572,136.60454644101853,2487625,175134.015029686,194132.82315423666,1010.0171884129854,80.30361767770691,1708.2166748046875,1733.433349609375,1667.433349609375,1774.2166748046875,1642.2166748046875,1799.433349609375,1601.433349609375,,-25.29319480613426,44.52561498405544,36.83283196234076,7.692783021714675,59.941947340003814,16.773135080651443,1630.9300048828125,1567.8725036621095,1520.9760034179687,1352.514501953125,NIBE.BO,2025-07-29 12:11:18.836286
282,2024-06-07 00:00:00+05:30,1619.3499755859375,1695.0,1580.0,1677.0,36004,0.0,0.0,2024-06-07,1552.625,105.4838156399909,1658.108815639991,1447.141184360009,1763.5926312799818,1341.6573687200182,29.489165269818272,95.10487039770909,2439373,129470.7992061175,198882.5251853743,1006.2942891527387,80.58999044636136,1650.6666666666667,1721.3333333333335,1606.3333333333335,1765.6666666666667,1535.6666666666667,1836.3333333333335,1491.3333333333335,,-30.12344925491898,41.31157712252252,34.9096362069121,6.4019409156104246,58.956119964325424,16.044203631516957,1634.160009765625,1552.625,1513.1910034179687,1343.1730017089844,NIBE.BO,2025-07-29 12:11:18.836286
283,2024-06-06 00:00:00+05:30,1542.25,1619.3499755859375,1542.25,1619.3499755859375,51472,0.0,0.0,2024-06-06,1539.9599975585938,104.96975848484767,1644.9297560434416,1434.9902390737461,1749.8995145282893,1330.0204805888984,-15.318520671527322,48.72304754986912,2403369,178730.95497474456,216235.45668018848,1003.5537723566547,80.2660755899769,1593.6499837239583,1645.0499674479165,1567.949991861979,1670.7499593098958,1516.5500081380208,1722.149943033854,1490.8500162760415,,-47.10255203265974,38.11199200539136,33.309150978009484,4.802841027381874,55.18344114021172,15.732308835001364,1636.7800048828126,1539.9599975585938,1504.4780029296876,1333.627001953125,NIBE.BO,2025-07-29 12:11:18.836286
284,2024-06-05 00:00:00+05:30,1542.25,1542.25,1542.25,1542.25,25540,0.0,0.0,2024-06-05,1533.0899963378906,103.99210806750153,1637.082104405392,1429.0978882703891,1741.0742124728936,1325.1057802028877,-52.357970416967085,2.573691187177669,2351897,84462.45198773897,225611.58210654947,999.9354928707784,79.61306252070219,1542.25,1542.25,1542.25,1542.25,1542.25,1542.25,1542.25,,-69.02851825270443,39.115752979458875,32.108440721164015,7.00731225829486,49.40847295296556,16.14433150476963,1654.8900146484375,1533.0899963378906,1495.7360034179687,1324.3135021972657,NIBE.BO,2025-07-29 12:11:18.836286
285,2024-06-04 00:00:00+05:30,1700.0,1700.0,1623.4000244140625,1623.4000244140625,34176,0.0,0.0,2024-06-04,1529.8949951171876,104.67524108175924,1634.5702361989468,1425.2197540354284,1739.2454772807062,1320.544512953669,39.48438284808359,102.51001818545969,2377437,118969.2688072138,260898.8646362521,998.3497447146933,82.31933332758547,1648.933349609375,1674.4666748046875,1597.86669921875,1725.5333251953125,1572.3333740234375,1751.066650390625,1521.2667236328125,0.3490994113124317,-44.91977484807395,47.401387686092676,30.356612656590293,17.044775029502382,56.52749413908713,17.2871036675485,1677.310009765625,1529.8949951171876,1489.7800024414062,1315.6505023193358,NIBE.BO,2025-07-29 12:11:18.836286
286,2024-06-03 00:00:00+05:30,1774.5999755859375,1774.5999755859375,1700.0,1708.800048828125,72329,0.0,0.0,2024-06-03,1520.5449951171875,104.23427178032856,1624.779266897516,1416.310723336859,1729.0135386778445,1312.0764515565304,122.27487828175552,183.33048136875814,2411613,265027.9770860661,296381.26359351166,995.8944653797118,85.60283971310477,1727.8000081380208,1755.6000162760415,1681.000040690104,1802.3999837239583,1653.2000325520833,1830.199991861979,1606.4000651041665,0.36839882979243993,-14.474247754413637,49.299260206290455,26.095418899214692,23.203841307075763,65.79086653821946,17.60937029381143,1667.75,1520.5449951171875,1483.4350024414061,1306.0190020751952,NIBE.BO,2025-07-29 12:11:18.836286
287,2024-05-31 00:00:00+05:30,1748.0,1748.0,1624.449951171875,1690.0999755859375,48901,0.0,0.0,2024-05-31,1510.0499938964845,94.38346291215494,1604.4334568086394,1415.6665309843295,1698.8169197207944,1321.2830680721745,125.97316099647159,158.318106044899,2339284,177222.21040945494,304219.585220373,989.9181330018839,82.76398822868991,1687.5166422526042,1750.5833333333335,1627.0332845052085,1811.0666910807292,1563.9665934244792,1874.1333821614585,1503.4832356770835,0.4459278936708459,-13.476090102176524,42.571545192033,20.294458572445752,22.277086619587248,64.61171967150861,16.682370745300005,1626.1099853515625,1510.0499938964845,1475.2150024414063,1295.2725018310548,NIBE.BO,2025-07-29 12:11:18.836286
288,2024-05-30 00:00:00+05:30,1724.699951171875,1737.050048828125,1654.0,1709.9000244140625,137553,0.0,0.0,2024-05-30,1499.6749938964845,84.42973361677409,1584.1047275132585,1415.2452602797105,1668.5344611300327,1330.8155266629362,189.18930316357594,178.85191057336783,2388185,504346.25277139933,335968.9289231025,985.9270817023695,86.50692600221937,1700.3166910807292,1746.6333821614585,1663.5833333333335,1783.3667399088542,1617.2666422526042,1829.6834309895835,1580.5332845052085,0.4469505249472883,-6.484361037682023,35.15468174017565,14.725186917548939,20.429494822626708,66.87818568504976,15.95223426299498,1586.3599853515625,1499.6749938964845,1468.7350024414063,1284.6735021972656,NIBE.BO,2025-07-29 12:11:18.836286
289,2024-05-29 00:00:00+05:30,1625.0,1654.3499755859375,1576.0,1654.3499755859375,128150,0.0,0.0,2024-05-29,1488.8599914550782,68.41909370643681,1557.279085161515,1420.4408977486414,1625.6981788679518,1352.0218040422046,160.2473960614639,118.93592695282412,2250632,454604.79596151004,293874.5979610283,974.130102267008,81.77198405392424,1628.2333170572917,1680.4666341145835,1602.116658528646,1706.5832926432292,1549.8833414713542,1758.816609700521,1523.7666829427085,0.44723720853306126,-0.0,23.17619748555512,9.61781321189226,13.558384273662861,63.54694483618427,14.64297685982621,1546.9499755859374,1488.8599914550782,1463.297001953125,1273.8975018310548,NIBE.BO,2025-07-29 12:11:18.836286
290,2024-05-28 00:00:00+05:30,1575.5999755859375,1575.5999755859375,1541.5999755859375,1575.5999755859375,238930,0.0,0.0,2024-05-28,1481.9224914550782,56.804275722723105,1538.7267671778013,1425.118215732355,1595.5310429005244,1368.313940009632,100.07557316213781,63.78327792089876,2122482,807243.6951639823,253692.0484609078,963.6445845976991,78.17404791251259,1564.2666422526042,1586.933308919271,1552.933308919271,1598.2666422526042,1530.2666422526042,1620.933308919271,1518.933308919271,0.3315185631602363,-23.071177865266364,12.95979143073464,6.228217143476543,6.731574287258097,57.984240910587694,14.072514295438538,1525.839990234375,1481.9224914550782,1460.4830029296875,1263.6990020751953,NIBE.BO,2025-07-29 12:11:18.836286
291,2024-05-27 00:00:00+05:30,1545.0,1549.0,1450.5999755859375,1500.5999755859375,39423,0.0,0.0,2024-05-27,1481.1824951171875,55.603405423791926,1536.7859005409794,1425.5790896933956,1592.3893059647714,1369.9756842696036,20.040388435042395,9.895315482218399,1883552,126853.5479002289,115304.13678513916,945.5363101390519,58.52593361955183,1500.066650390625,1549.5333251953125,1451.13330078125,1598.4666748046875,1401.6666259765625,1647.933349609375,1352.7332763671875,0.02245659204433175,-45.4994058928855,7.4390171419001945,4.545323571662019,2.8936935702381756,51.42958594021578,14.4665154581769,1525.5300048828126,1481.1824951171875,1460.8370043945313,1254.4625024414063,NIBE.BO,2025-07-29 12:11:18.836286
292,2024-05-24 00:00:00+05:30,1500.0,1540.0,1475.0,1491.3499755859375,19448,0.0,0.0,2024-05-24,1484.742498779297,59.08248701739159,1543.8249857966885,1425.6600117619055,1602.9074728140802,1366.5775247445138,30.899195163872765,15.254852857202225,1844129,62193.14666151699,112416.78400636672,942.8129523835584,61.12469808946848,1502.1166585286458,1529.2333170572915,1464.2333170572915,1567.1166585286458,1437.1166585286458,1594.2333170572915,1399.2333170572915,0.033995222655893394,-48.26555401629186,7.644404345712246,3.8219001791024754,3.8225041666097708,50.546028927793245,15.280858733835288,1525.160009765625,1484.742498779297,1464.3680053710937,1245.9910028076172,NIBE.BO,2025-07-29 12:11:18.836286
293,2024-05-23 00:00:00+05:30,1574.0,1574.0,1475.0,1512.8499755859375,31415,0.0,0.0,2024-05-23,1487.5525024414062,60.726857126510644,1548.2793595679168,1426.8256453148956,1609.0062166944274,1366.098788188385,57.33411731375834,33.18753861302413,1863577,101910.971075409,124972.69334257915,941.4820519732403,61.698593725796755,1520.6166585286458,1566.2333170572915,1467.2333170572915,1619.6166585286458,1421.6166585286458,1665.2333170572915,1368.2333170572915,0.019015080091930564,-41.83612864837437,8.702522745354827,2.866274137450033,5.836248607904794,52.611680114834904,15.75993196925854,1524.62001953125,1487.5525024414062,1466.4940063476563,1237.6365032958984,NIBE.BO,2025-07-29 12:11:18.836286
294,2024-05-22 00:00:00+05:30,1652.75,1652.75,1535.800048828125,1548.800048828125,73854,0.0,0.0,2024-05-22,1491.2300048828124,64.45221090541044,1555.682215788223,1426.7777939774019,1620.1344266936333,1362.3255830719916,138.33519807753802,77.11254283677859,1894992,245277.31812822627,130738.12390937167,939.2339136164649,64.46553126850057,1579.11669921875,1622.433349609375,1505.4833984375,1696.066650390625,1462.166748046875,1739.38330078125,1388.533447265625,0.04561304290494633,-31.08550944456917,7.807954291179385,1.4072119854738343,6.400742305705551,56.17617382517744,16.275856992022042,1518.7400146484374,1491.2300048828124,1469.871005859375,1228.9860034179687,NIBE.BO,2025-07-29 12:11:18.836286
295,2024-05-21 00:00:00+05:30,1539.949951171875,1574.050048828125,1515.0999755859375,1574.050048828125,68177,0.0,0.0,2024-05-21,1494.0150024414063,68.16710115871595,1562.1821036001222,1425.8479012826904,1630.3492047588381,1357.6808001239744,151.71597490083664,63.14768780887453,1968846,230114.7395184863,102103.32535465802,933.5427521043838,52.658318165015146,1554.4000244140625,1593.7000732421875,1534.75,1613.35009765625,1495.449951171875,1652.650146484375,1475.7999267578125,0.10102108849458227,-0.0,3.00379573446412,-0.1929735909525534,3.1967693254166734,58.77317808171567,15.826436734194878,1492.2800048828126,1494.0150024414063,1474.29900390625,1220.268502807617,NIBE.BO,2025-07-29 12:11:18.836286
296,2024-05-17 00:00:00+05:30,1509.949951171875,1539.949951171875,1445.0,1498.75,21976,0.0,0.0,2024-05-17,1499.4075012207031,78.33864136827488,1577.746142588978,1421.0688598524282,1656.084783957253,1342.7302184841533,96.75579337834198,26.528358762956515,1900669,70626.2025708842,70100.47181370095,927.9743918863343,36.928663519514046,1494.566650390625,1544.13330078125,1449.183349609375,1589.5166015625,1399.61669921875,1639.083251953125,1354.2333984375,-0.04914348317640725,-26.859920309102886,-5.67923750457976,-0.9921659223067217,-4.687071582273038,52.72058447195361,16.35028553106742,1447.2800048828126,1499.4075012207031,1474.932001953125,1211.2455023193359,NIBE.BO,2025-07-29 12:11:18.836286
297,2024-05-16 00:00:00+05:30,1483.449951171875,1548.699951171875,1438.0,1488.6500244140625,20780,0.0,0.0,2024-05-16,1509.8900024414063,91.21452380403699,1601.1045262454434,1418.6754786373692,1692.3190500494802,1327.4609548333324,91.77004759158991,26.623058415297443,1878693,66332.46939522447,69969.03912440513,926.3704148904645,29.48484982270672,1491.7833251953125,1545.566650390625,1434.86669921875,1602.4832763671875,1381.0833740234375,1656.2666015625,1324.166748046875,-0.07852311131962186,-39.33024424928082,-9.294188319910745,0.17960197326153793,-9.473790293172282,51.83996111370613,17.42253529350507,1425.0699951171875,1509.8900024414063,1475.542001953125,1202.9735021972656,NIBE.BO,2025-07-29 12:11:18.836286
298,2024-05-15 00:00:00+05:30,1479.949951171875,1487.300048828125,1450.0,1483.449951171875,35727,0.0,0.0,2024-05-15,1519.2100036621093,98.18649105922182,1617.3964947213312,1421.0235126028874,1715.582985780553,1322.8370215436657,58.07094373670624,16.72394473610906,1857913,113646.86546986621,70878.18155670028,924.8723262224605,21.943657206854184,1473.5833333333333,1497.1666666666665,1459.8666178385415,1510.8833821614583,1436.2832845052083,1534.4667154947915,1422.5665690104165,-0.029324489935169746,-42.403641540440766,-12.786905202743128,2.548049546554609,-15.334954749297736,51.40726124305741,18.57726580689947,1412.07998046875,1519.2100036621093,1474.8980004882812,1194.7640020751953,NIBE.BO,2025-07-29 12:11:18.836286
299,2024-05-14 00:00:00+05:30,1348.949951171875,1416.5,1320.0,1416.5,14196,0.0,0.0,2024-05-14,1524.802508544922,99.22238311407962,1624.0248916590015,1425.5801254308424,1723.2472747730812,1326.3577423167626,-98.92793758903667,-39.64492329143859,1822186,43119.1888856467,60186.01057840878,922.3018494180253,9.462767246618952,1384.3333333333333,1448.6666666666665,1352.1666666666665,1480.8333333333333,1287.8333333333333,1545.1666666666665,1255.6666666666665,0.05104848792248732,-67.3540607204848,-16.552771798536924,6.381788233879043,-22.934560032415966,45.55957597761753,19.238142855158003,1411.77998046875,1524.802508544922,1475.8910009765625,1186.5560028076172,NIBE.BO,2025-07-29 12:11:18.836286
300,2024-05-13 00:00:00+05:30,1389.9000244140625,1390.0,1318.3499755859375,1349.050048828125,19272,0.0,0.0,2024-05-13,1529.9450073242188,95.92429465347061,1625.8693019776892,1434.0207126707483,1721.79359663116,1338.0964180172775,-179.92454995596322,-62.1168907574708,1807990,55749.74204084095,64452.7160015993,921.3965430953849,4.190633375456315,1352.4666748046875,1386.5833740234375,1314.933349609375,1424.11669921875,1280.816650390625,1458.2333984375,1243.2833251953125,,-90.1491831101547,-14.529866842913407,12.115428241983034,-26.64529508489644,38.6531821068945,18.617924472506957,1424.1499755859375,1529.9450073242188,1476.8310009765626,1179.1245025634767,NIBE.BO,2025-07-29 12:11:18.836286
301,2024-05-10 00:00:00+05:30,1414.949951171875,1435.9000244140625,1367.0,1387.699951171875,15100,0.0,0.0,2024-05-10,1534.8425048828126,88.4084761280911,1623.2509810109036,1446.4340287547216,1711.6594571389949,1358.0255526266303,-146.13209962725466,-37.739781335802434,1827262,44932.49488248978,66628.45949178888,920.3303677022211,3.9014599278524855,1396.8666585286458,1426.7333170572915,1357.833292643229,1465.7666829427083,1327.9666341145833,1495.633341471354,1288.9332682291665,,-93.00636628184158,-5.076987779121282,18.776752013207144,-23.853739792328426,41.451195333087355,17.383180579298653,1441.619970703125,1534.8425048828126,1477.7269995117188,1172.5390020751954,NIBE.BO,2025-07-29 12:11:18.836286
302,2024-05-09 00:00:00+05:30,1482.0999755859375,1491.0,1407.9000244140625,1423.699951171875,18403,0.0,0.0,2024-05-09,1537.0800048828125,84.98863397456988,1622.0686388573824,1452.0913709082427,1707.0572728319523,1367.1027369336728,-105.43219306121453,-13.39652555216447,1842362,56181.73015655607,72052.45064411365,919.4156303873755,3.3594123500950133,1440.8666585286458,1473.833292643229,1390.7333170572915,1523.9666341145833,1357.7666829427083,1556.9332682291665,1307.633341471354,,-84.86168752816074,3.2960562123207637,24.74018696128925,-21.444130748968487,44.21972285851833,16.603626541470927,1463.8599853515625,1537.0800048828125,1476.5230004882812,1165.6495025634765,NIBE.BO,2025-07-29 12:11:18.836286
303,2024-05-08 00:00:00+05:30,1469.949951171875,1500.0,1415.0,1481.949951171875,12915,0.0,0.0,2024-05-08,1541.285009765625,81.07401690274486,1622.35902666837,1460.2109928628802,1703.433043571115,1379.1369759601353,-75.00841425995405,-0.5314434605192275,1860765,41040.81348534685,76020.13076600304,918.2098720714407,21.215199165483227,1465.6499837239583,1516.2999674479165,1431.2999674479165,1550.6499837239583,1380.6499837239583,1601.2999674479165,1346.2999674479165,,-70.23085901005392,10.420695016329091,30.10121964853137,-19.680524632202278,49.152179956519184,16.28514593472822,1475.639990234375,1541.285009765625,1473.3350024414062,1158.6280029296875,NIBE.BO,2025-07-29 12:11:18.836286
304,2024-05-07 00:00:00+05:30,1430.0,1500.0,1364.5999755859375,1478.3499755859375,39954,0.0,0.0,2024-05-07,1546.3325134277343,80.32452025170683,1626.6570336794412,1466.0079931760274,1706.981553931148,1385.6834729243205,-118.06830310975779,-14.340518012958318,1847850,126655.9325646275,84764.96008616708,917.2623292342012,23.70694563251334,1447.6499837239583,1530.699991861979,1395.2999674479165,1583.0500081380208,1312.2499593098958,1666.1000162760415,1259.899943033854,,-71.14409465618881,13.6477599242437,35.021350806581935,-21.373590882338235,48.82459004539599,16.035408420740183,1477.9699951171874,1546.3325134277343,1467.7780029296875,1151.1075036621094,NIBE.BO,2025-07-29 12:11:18.836286
305,2024-05-06 00:00:00+05:30,1498.0,1498.0,1430.0,1436.4000244140625,21791,0.0,0.0,2024-05-06,1547.8475158691406,79.25341845477148,1627.100934323912,1468.5940974143691,1706.3543527786835,1389.3406789595977,-127.45300060490432,-14.034327957109165,1807896,67118.24278406682,74292.21696655196,914.3295414804454,37.44989629586497,1454.8000081380208,1479.6000162760415,1411.6000162760415,1522.8000081380208,1386.8000081380208,1547.6000162760415,1343.6000162760415,,-98.05352084439379,17.927139713685392,40.36474852716649,-22.4376088134811,44.989756401937406,15.766460328753064,1485.4199951171875,1547.8475158691406,1462.71400390625,1143.5700036621095,NIBE.BO,2025-07-29 12:11:18.836286
306,2024-05-03 00:00:00+05:30,1483.75,1525.0,1460.050048828125,1498.9000244140625,15700,0.0,0.0,2024-05-03,1547.8700134277344,79.22017382389143,1627.0901872516258,1468.649839603843,1706.3103610755172,1389.4296657799516,-97.07752594850538,6.0840192419444685,1829687,50461.52047884225,76085.71051217325,912.8369676685702,40.50069979605744,1494.6500244140625,1529.25,1464.300048828125,1559.5999755859375,1429.7000732421875,1594.199951171875,1399.35009765625,,-86.99582407165272,27.265853882038527,45.97415073053676,-18.708296848498236,50.19323475771334,16.332672671894674,1510.3,1547.8700134277344,1459.7130029296875,1136.6465032958984,NIBE.BO,2025-07-29 12:11:18.836286
307,2024-05-02 00:00:00+05:30,1490.0,1529.9000244140625,1477.0,1482.5999755859375,14365,0.0,0.0,2024-05-02,1541.347509765625,88.31269823116776,1629.660207996793,1453.0348115344573,1717.9729062279607,1364.7221133032895,-100.09552609403384,7.296956171533813,1813987,45668.59305361424,82491.758020506,911.6272918301656,40.35969993852522,1496.5,1516.0,1463.0999755859375,1549.4000244140625,1443.5999755859375,1568.9000244140625,1410.199951171875,,-71.9645748054286,32.6538159023994,50.651224942661315,-17.997409040261914,48.75797911296348,17.384142885584566,1524.8800048828125,1541.347509765625,1454.2990014648437,1128.9710028076172,NIBE.BO,2025-07-29 12:11:18.836286
308,2024-04-30 00:00:00+05:30,1526.8499755859375,1529.949951171875,1475.0,1493.5999755859375,17680,0.0,0.0,2024-04-30,1532.3825134277345,102.54432120291003,1634.9268346306444,1429.8381922248245,1737.4711558335546,1327.2938710219144,-113.01318992945698,9.045805860971507,1828352,56624.524976414024,91697.54926222893,910.5469357111344,39.39340624106205,1499.5166422526042,1524.0332845052085,1469.0833333333335,1554.4665934244792,1444.5666910807292,1578.9832356770835,1414.1333821614585,,-69.09849908876654,40.662593056958485,55.15057720272679,-14.487984145768301,49.65462514668082,18.67207378973099,1537.87001953125,1532.3825134277345,1448.042001953125,1121.1105029296875,NIBE.BO,2025-07-29 12:11:18.836286
309,2024-04-29 00:00:00+05:30,1564.949951171875,1565.0,1495.0,1515.5999755859375,19775,0.0,0.0,2024-04-29,1522.1200134277344,116.01561477649734,1638.1356282042318,1406.104398651237,1754.1512429807292,1290.0887838747396,-95.96940526841826,23.0161218535933,1846032,64267.157982108474,100465.80533368264,909.1859647643191,37.77185453461021,1525.1999918619792,1555.3999837239585,1485.3999837239585,1595.1999918619792,1455.1999918619792,1625.3999837239585,1415.3999837239585,,-63.36634765544243,49.21682148882633,58.772573239168864,-9.555751750342537,51.410411742465215,20.059076301888673,1556.430029296875,1522.1200134277344,1441.3280029296875,1112.9460034179688,NIBE.BO,2025-07-29 12:11:18.836286
310,2024-04-26 00:00:00+05:30,1561.800048828125,1599.050048828125,1525.0,1560.800048828125,17587,0.0,0.0,2024-04-26,1510.2975158691406,128.13013743534148,1638.4276533044822,1382.167378433799,1766.5577907398235,1254.0372409984577,-49.339684891393055,43.96363627480514,1865807,58860.92012325864,109515.46717157618,907.5985895637934,46.43204573367434,1561.61669921875,1598.2333984375,1524.183349609375,1635.666748046875,1487.566650390625,1672.283447265625,1450.13330078125,,-51.589362899916985,57.25644998888697,61.16151117675449,-3.905061187867517,55.12941424143404,21.2758006871188,1574.2100341796875,1510.2975158691406,1435.1900024414062,1104.2955035400391,NIBE.BO,2025-07-29 12:11:18.836286
311,2024-04-25 00:00:00+05:30,1530.0,1605.0,1510.0,1571.800048828125,20607,0.0,0.0,2024-04-25,1496.5875122070313,136.81722536019234,1633.4047375672237,1359.7702868468389,1770.221962927416,1222.9530614866467,-27.847631999214553,46.35634149672041,1883394,69454.45091087128,122179.10393365556,906.074378869759,48.83029949076617,1562.2666829427083,1614.5333658854165,1519.5333658854165,1657.2666829427083,1467.2666829427083,1709.5333658854165,1424.5333658854165,,-48.72328718325493,62.23056638573553,62.13777647372137,0.09278991201416176,56.045606307948866,22.16558043101624,1598.430029296875,1496.5875122070313,1429.4200024414063,1094.883502807617,NIBE.BO,2025-07-29 12:11:18.836286
312,2024-04-24 00:00:00+05:30,1589.8499755859375,1619.0,1530.0,1547.550048828125,28504,0.0,0.0,2024-04-24,1483.1675109863281,142.11238345046675,1625.2798944367948,1341.0551275358614,1767.3922778872616,1198.9427440853947,-14.60803783000625,50.44616605974725,1862787,94588.54082657704,135360.2671893516,904.2492009027383,51.50458156134774,1565.5166829427083,1601.0333658854165,1512.0333658854165,1654.5166829427083,1476.5166829427083,1690.0333658854165,1423.0333658854165,,-55.04168137680537,66.57272197888665,62.11457899571782,4.458142983168827,54.497603317224325,23.123804770598102,1625.7500244140624,1483.1675109863281,1422.1150024414062,1085.3640020751952,NIBE.BO,2025-07-29 12:11:18.836286
313,2024-04-23 00:00:00+05:30,1597.949951171875,1630.0,1524.300048828125,1586.4000244140625,40269,0.0,0.0,2024-04-23,1467.8575073242187,151.025502564959,1618.8830098891776,1316.8320047592597,1769.9085124541366,1165.8065021943007,2.6860590446283448,60.77771675981961,1891291,136984.54325515713,145553.19878004523,901.8003340353722,55.50855640244042,1580.2333577473958,1636.1666666666665,1530.4667154947915,1685.9333089192708,1474.5334065755208,1741.8666178385415,1424.7667643229165,,-37.84852347180296,73.51157691286198,61.00004324992561,12.511533662936372,57.510697692607465,23.89341392092221,1651.2500244140624,1467.8575073242187,1413.102001953125,1075.8055017089844,NIBE.BO,2025-07-29 12:11:18.836286
314,2024-04-22 00:00:00+05:30,1694.9000244140625,1694.9000244140625,1597.8499755859375,1604.5,36476,0.0,0.0,2024-04-22,1447.6500061035156,161.03575997850422,1608.6857660820199,1286.6142461250113,1769.721526060524,1125.5784861465072,51.461107200061,90.01147342491991,1931560,125497.46163616219,147695.36266126725,898.0986896089094,61.774452794248624,1632.4166666666667,1666.983357747396,1569.933308919271,1729.4667154947917,1535.3666178385417,1764.033406575521,1472.883260091146,,-33.34054290159098,77.45546818103571,57.87215983419151,19.583308346844206,58.91998927801736,24.722223775117403,1653.030029296875,1447.6500061035156,1401.3180017089844,1065.6615014648437,NIBE.BO,2025-07-29 12:11:18.836286
315,2024-04-19 00:00:00+05:30,1698.0,1755.0,1623.0,1681.9000244140625,58920,0.0,0.0,2024-04-19,1429.6475036621093,162.6951207014409,1592.3426243635502,1266.9523829606685,1755.0377450649912,1104.2572622592274,116.39313277667242,121.60149599050517,1968036,212496.08264501626,153244.8379175435,894.6219021735525,64.01048235919916,1686.6333414713542,1750.2666829427085,1618.2666829427085,1818.6333414713542,1554.6333414713542,1882.2666829427085,1486.2666829427085,,-14.822671005479988,79.548703069991,52.976332747480456,26.57237032251055,65.27111899928659,24.6633466359853,1636.0000244140624,1429.6475036621093,1388.2230017089844,1055.3405017089844,NIBE.BO,2025-07-29 12:11:18.836286
316,2024-04-18 00:00:00+05:30,1750.0,1758.800048828125,1676.0,1708.4000244140625,70323,0.0,0.0,2024-04-18,1410.8600036621094,153.4661343974418,1564.3261380595513,1257.3938692646675,1717.792272456993,1103.9277348672258,194.16246225168908,142.8873008377407,2026956,257617.2688849555,138432.02673567532,888.3126640843079,69.5113012646415,1714.4000244140625,1752.800048828125,1670.0,1797.2000732421875,1631.5999755859375,1835.60009765625,1587.199951171875,,-9.71473008298804,73.40066498446572,46.33324016685281,27.06742481761291,67.58730638733184,24.252751888181738,1589.02001953125,1410.8600036621094,1372.6760009765626,1044.308501586914,NIBE.BO,2025-07-29 12:11:18.836286
317,2024-04-16 00:00:00+05:30,1595.300048828125,1675.050048828125,1575.300048828125,1675.050048828125,24609,0.0,0.0,2024-04-16,1390.3300048828125,138.2804370552087,1528.6104419380213,1252.0495678276038,1666.89087899323,1113.769130772395,160.08595324057643,112.91939587501373,1956633,88391.35008494329,108635.71619835525,880.392804005288,65.32017641251781,1641.800048828125,1708.300048828125,1608.550048828125,1741.550048828125,1542.050048828125,1808.050048828125,1508.800048828125,,-0.0,61.80733342065719,39.56638396244958,22.24094945820761,66.18505256721983,23.053461705486797,1533.8300048828125,1390.3300048828125,1356.8380004882813,1033.0765014648437,NIBE.BO,2025-07-29 12:11:18.836286
318,2024-04-15 00:00:00+05:30,1570.0,1595.300048828125,1461.1500244140625,1595.300048828125,73875,0.0,0.0,2024-04-15,1374.882501220703,120.97350507643799,1495.856006297141,1253.908996144265,1616.829511373579,1132.9354910678271,83.76584929534145,71.70799245988877,1932024,252713.17586520597,113696.80772670824,877.6981438330558,64.83989276565922,1550.5833740234375,1640.0167236328125,1505.86669921875,1684.7333984375,1416.433349609375,1774.166748046875,1371.7166748046875,,-0.0,49.31234843196194,34.006146597897676,15.306201834064261,62.59142704315709,22.340230503143705,1500.3800048828125,1374.882501220703,1341.5939990234374,1022.1810009765625,NIBE.BO,2025-07-29 12:11:18.836286
319,2024-04-12 00:00:00+05:30,1519.3499755859375,1519.3499755859375,1519.3499755859375,1519.3499755859375,10625,0.0,0.0,2024-04-12,1367.0174987792968,110.55361827731481,1477.5711170566117,1256.463880501982,1588.1247353339265,1145.9102622246671,69.04542812731135,59.74158484320504,1858149,34615.83205601436,78942.7156920838,870.3181697720433,59.218059115598564,1519.3499755859375,1519.3499755859375,1519.3499755859375,1519.3499755859375,1519.3499755859375,1519.3499755859375,1519.3499755859375,,-15.894869298862757,40.42199115958738,30.17959613938161,10.24239502020577,58.711085326639974,22.218865542697557,1497.9,1367.0174987792968,1327.8049975585936,1011.9785003662109,NIBE.BO,2025-07-29 12:11:18.836286
320,2024-04-10 00:00:00+05:30,1433.0,1487.0,1375.0,1447.0,18089,0.0,0.0,2024-04-10,1366.7325012207032,110.1468487213738,1476.879349942077,1256.5856524993294,1587.0261986634507,1146.4388037779556,15.448612141776726,21.61886345614705,1847524,56126.906095054204,90024.43660110116,869.3567533737867,50.723183590566144,1436.3333333333333,1497.6666666666665,1385.6666666666665,1548.3333333333333,1324.3333333333333,1609.6666666666665,1273.6666666666665,,-33.669090379103174,35.90711684745088,27.618997384330164,8.288119463120715,54.539944350002926,22.810495749158594,1495.760009765625,1366.7325012207032,1314.672998046875,1002.468500366211,NIBE.BO,2025-07-29 12:11:18.836286
321,2024-04-09 00:00:00+05:30,1460.0,1581.0,1432.449951171875,1432.449951171875,26467,0.0,0.0,2024-04-09,1374.0475036621094,120.16086464138421,1494.2083683034937,1253.8866390207252,1614.369232944878,1133.725774379341,54.29273844179094,46.052540848923236,1829435,81296.56344263136,98498.81922761288,867.8963006443806,44.18270202045536,1481.9666341145833,1531.4833170572915,1382.9332682291665,1630.5166829427083,1333.4165852864583,1680.0333658854165,1234.3832194010415,,-37.24360139316982,36.70803874268768,25.546967518549984,11.161071224137693,53.66584166505297,23.78506002159163,1493.7300048828124,1374.0475036621094,1302.1669982910157,993.5695001220703,NIBE.BO,2025-07-29 12:11:18.836286
322,2024-04-08 00:00:00+05:30,1575.0,1575.0,1503.800048828125,1507.800048828125,38130,0.0,0.0,2024-04-08,1386.2825073242188,137.61127944030503,1523.8937867645238,1248.6712278839138,1661.5050662048288,1111.0599484436088,99.90427531367372,72.13394433047974,1855902,123281.68780822268,102799.38317385825,865.8001005235483,36.931219814589355,1528.86669921875,1553.933349609375,1482.7333984375,1600.066650390625,1457.666748046875,1625.13330078125,1411.533447265625,,-18.73234021701253,38.61023842128793,22.756699712515562,15.85353870877237,59.13350398984826,24.05127918989332,1480.9300048828125,1386.2825073242188,1290.2519995117189,984.5920007324219,NIBE.BO,2025-07-29 12:11:18.836286
323,2024-04-05 00:00:00+05:30,1584.050048828125,1584.050048828125,1465.550048828125,1582.9000244140625,63911,0.0,0.0,2024-04-05,1390.7750061035156,143.14263843723538,1533.9176445407509,1247.6323676662803,1677.0602829779864,1104.4897292290448,147.67402904485226,84.11726302497733,1894032,216928.7490860921,97678.80701526714,862.3474392739488,31.592570863242145,1544.1667073567708,1622.7833658854165,1504.2833658854165,1662.6667073567708,1425.6667073567708,1741.2833658854165,1385.7833658854165,,-0.2825265387814982,33.03978387060306,18.79331503532247,14.246468835280591,65.289824758963,23.233330831916646,1440.0300048828126,1390.7750061035156,1276.9239990234375,974.6065002441406,NIBE.BO,2025-07-29 12:11:18.836286
324,2024-04-04 00:00:00+05:30,1508.6500244140625,1508.6500244140625,1508.6500244140625,1508.6500244140625,8745,0.0,0.0,2024-04-04,1395.7150024414063,151.57831284304237,1547.2933152844487,1244.136689598364,1698.871628127491,1092.5583767553217,187.84497361046618,72.50096119683626,1830121,28290.22041563453,67866.3214975609,855.793143440634,22.447425389843545,1508.6500244140625,1508.6500244140625,1508.6500244140625,1508.6500244140625,1508.6500244140625,1508.6500244140625,1508.6500244140625,,-0.0,18.011101526480616,15.231697826502318,2.779403699978298,61.621689738756864,22.352463369480226,1381.1199951171875,1395.7150024414063,1261.7699987792969,963.8845001220703,NIBE.BO,2025-07-29 12:11:18.836286
325,2024-04-03 00:00:00+05:30,1436.8499755859375,1436.8499755859375,1436.8499755859375,1436.8499755859375,7921,0.0,0.0,2024-04-03,1408.792498779297,171.77217975085912,1580.564678530156,1237.0203190284378,1752.336858281015,1065.2481392775787,214.72424451013566,44.03141469149925,1821376,24405.0359336543,77760.3467680425,854.9795575211068,20.9573559242272,1436.8499755859375,1436.8499755859375,1436.8499755859375,1436.8499755859375,1436.8499755859375,1436.8499755859375,1436.8499755859375,,-0.44062238086685823,5.8094385021652215,14.536846901507742,-8.72740839934252,57.59806483561667,22.016882223715868,1335.2199951171874,1408.792498779297,1247.4739978027344,953.9454998779297,NIBE.BO,2025-07-29 12:11:18.836286
326,2024-04-02 00:00:00+05:30,1303.300048828125,1368.449951171875,1303.300048828125,1368.449951171875,12494,0.0,0.0,2024-04-02,1417.2349975585937,177.2847486658976,1594.5197462244914,1239.950248892696,1771.804494890389,1062.6655002267985,148.65059702896951,7.8670154369154615,1813455,36662.19248670125,91099.17447663954,854.3220171664383,18.506086227659623,1346.7333170572917,1390.1665852864585,1325.0166829427085,1411.8832194010417,1281.5834147135417,1455.3164876302085,1259.8667805989585,,-43.13086669009082,-2.829192508047072,16.71869900134337,-19.547891509390443,53.26361776965434,22.337265412411885,1305.1699951171875,1417.2349975585937,1234.1949987792968,944.7620001220703,NIBE.BO,2025-07-29 12:11:18.836286
327,2024-04-01 00:00:00+05:30,1296.0,1335.0,1296.0,1303.300048828125,18804,0.0,0.0,2024-04-01,1425.275,178.59721034494245,1603.8722103449425,1246.6777896550577,1782.469420689885,1068.0805793101151,71.42751867428828,-3.0459000885595313,1800961,52551.20359690566,104708.41997412412,853.4039729018311,25.499636911456122,1311.433349609375,1326.86669921875,1287.86669921875,1350.433349609375,1272.433349609375,1365.86669921875,1248.86669921875,,-77.76407591054138,-7.1100253741603865,21.605671878690977,-28.715697252851363,48.618127109028755,23.439323698400894,1292.160009765625,1425.275,1222.8159997558594,936.3075006103516,NIBE.BO,2025-07-29 12:11:18.836286
328,2024-03-28 00:00:00+05:30,1290.0,1314.5,1240.0,1288.3499755859375,26336,0.0,0.0,2024-03-28,1432.9324951171875,176.36140399381293,1609.2938991110004,1256.5710911233746,1785.6553031048134,1080.2096871295616,-7.893807192901711,-11.178619604377825,1782157,72756.48013929647,117747.72406842872,852.1916394611077,34.53110723034261,1280.9499918619792,1321.8999837239585,1247.3999837239585,1355.4499918619792,1206.4499918619792,1396.3999837239585,1172.8999837239585,,-80.39613105881382,-6.066782746555191,28.784596191903816,-34.85137893845901,47.506330038263904,25.033256408534793,1279.7699951171876,1432.9324951171875,1212.594998779297,928.475,NIBE.BO,2025-07-29 12:11:18.836286
329,2024-03-27 00:00:00+05:30,1290.0,1328.949951171875,1240.0,1279.1500244140625,33485,0.0,0.0,2024-03-27,1445.1699951171875,174.28014994303405,1619.4501450602215,1270.8898451741534,1793.7302950032556,1096.6096952311193,-24.400873642226834,-6.214782313339919,1755821,91845.90545067424,128995.53505071178,850.5393132786382,35.10138698216804,1282.6999918619792,1325.3999837239585,1236.4500325520835,1371.6499430338542,1193.7500406901042,1414.3499348958335,1147.5000813802085,,-82.0158407721721,-3.16683940029111,37.497440926518564,-40.664280326809674,46.84914479484291,26.91468919987694,1258.55,1445.1699951171875,1202.7159997558595,920.6810003662109,NIBE.BO,2025-07-29 12:11:18.836286
330,2024-03-26 00:00:00+05:30,1329.699951171875,1368.550048828125,1250.0,1286.5999755859375,31659,0.0,0.0,2024-03-26,1454.3874938964843,169.85627908554937,1624.2437729820338,1284.531214810935,1794.100052067583,1114.6749357253857,-20.141153025029165,4.989034353380708,1789306,87343.12875302887,138282.94245072117,848.4648199164584,34.70856148003175,1301.7166748046875,1353.433349609375,1234.88330078125,1420.2667236328125,1183.1666259765625,1471.9833984375,1116.333251953125,,-80.87260460978403,1.5000050660239594,47.66351100822098,-46.16350594219702,47.29436413282913,28.940847590553094,1251.6099853515625,1454.3874938964843,1193.8569995117186,912.8930001831054,NIBE.BO,2025-07-29 12:11:18.836286
331,2024-03-22 00:00:00+05:30,1298.0,1303.4000244140625,1250.0,1303.4000244140625,25294,0.0,0.0,2024-03-22,1459.7499938964843,165.92784846818853,1625.6778423646729,1293.8221454282957,1791.6056908328615,1127.894296960107,-45.59512854241415,3.2535105995612787,1820965,70694.11340419567,151017.89587514423,846.4506506765833,40.70184311439043,1285.6000162760417,1321.2000325520835,1267.800008138021,1339.0000406901042,1232.1999918619792,1374.600056966146,1214.3999837239585,,-78.6918349935199,6.718545516333506,59.20438749377023,-52.48584197743672,48.254603324547816,31.100811358647995,1255.5199951171876,1459.7499938964843,1184.0530004882812,905.0305004882813,NIBE.BO,2025-07-29 12:11:18.836286
332,2024-03-21 00:00:00+05:30,1182.25,1241.3499755859375,1177.0,1241.3499755859375,29562,0.0,0.0,2024-03-21,1460.9549926757813,164.81643290190647,1625.7714255776878,1296.138559773875,1790.5878584795942,1131.3221268719685,-87.90806405072674,-14.944362947536256,1795671,78689.36956789892,171098.84149288136,844.7661378653333,40.429714354769025,1219.8999837239583,1262.7999674479165,1198.449991861979,1284.2499593098958,1155.5500081380208,1327.149943033854,1134.1000162760415,,-89.15205986466904,11.643512261060778,72.3258479881294,-60.68233572706862,44.381710433308925,32.82934480628941,1254.4,1460.9549926757813,1173.155,897.131000366211,NIBE.BO,2025-07-29 12:11:18.836286
333,2024-03-20 00:00:00+05:30,1221.0999755859375,1250.0,1182.25,1182.25,55216,0.0,0.0,2024-03-20,1462.1024963378907,163.27973133814308,1625.3822276760338,1298.8227649997475,1788.6619590141768,1135.5430336616046,-112.01623569614978,-16.061322845597775,1766109,139978.8037860773,194201.20947412695,843.0500768463074,34.60458706375873,1204.8333333333333,1227.4166666666665,1159.6666666666665,1272.5833333333333,1137.0833333333333,1295.1666666666665,1091.9166666666665,,-100.0,23.883534913351696,87.49643191989655,-63.612897006544856,40.43907898017027,33.917898353948765,1279.35,1462.1024963378907,1162.7760009765625,889.8965008544922,NIBE.BO,2025-07-29 12:11:18.836286
334,2024-03-19 00:00:00+05:30,1300.0,1310.0,1240.8499755859375,1244.449951171875,83871,0.0,0.0,2024-03-19,1463.1949951171875,161.3706346121488,1624.5656297293363,1301.8243605050388,1785.9362643414852,1140.45372589289,-104.28734735215903,5.70937109205812,1821325,223808.85705739338,207756.81089613936,840.2862622902367,34.76425046025042,1265.0999755859375,1289.3499755859375,1220.199951171875,1334.25,1195.949951171875,1358.5,1151.0499267578125,,-97.85946952070731,45.01305340598515,103.39965617153277,-58.38660276554762,43.44908533296587,35.135980537224256,1330.5,1463.1949951171875,1152.8910009765625,883.2750006103515,NIBE.BO,2025-07-29 12:11:18.836286
335,2024-03-18 00:00:00+05:30,1232.949951171875,1361.0,1232.949951171875,1306.1500244140625,124021,0.0,0.0,2024-03-18,1462.229998779297,162.79896256865837,1625.0289613479554,1299.4310362106385,1787.8279239166136,1136.6320736419802,-111.75802124405975,18.891457829073868,1905196,347357.19965209876,203743.79935582582,835.2214198597372,44.41584738516991,1300.0333251953125,1367.11669921875,1239.066650390625,1428.0833740234375,1171.9832763671875,1495.166748046875,1111.0166015625,,-86.37504453379479,65.25747123332417,117.99630686291967,-52.7388356295955,46.64726167975735,36.96512552405501,1384.3400146484375,1462.229998779297,1141.5210021972657,876.0325012207031,NIBE.BO,2025-07-29 12:11:18.836286
336,2024-03-15 00:00:00+05:30,1297.800048828125,1434.0,1297.800048828125,1297.800048828125,136924,0.0,0.0,2024-03-15,1461.2399963378907,163.85484014166508,1625.0948364795559,1297.3851561962256,1788.949676621221,1133.5303160545604,-125.53034879317602,33.51507122868066,1781175,381044.2190630058,167840.44928175758,826.3300145244967,52.28399490135023,1343.2000325520833,1388.6000162760415,1252.4000651041665,1479.3999837239583,1207.0000813802083,1524.7999674479165,1116.2001139322915,,-100.0,84.11118879548462,131.18101577031854,-47.069826974833916,46.14914509820364,38.93497397141121,1441.77001953125,1461.2399963378907,1128.6030017089843,868.0710009765625,NIBE.BO,2025-07-29 12:11:18.836286
337,2024-03-14 00:00:00+05:30,1366.0999755859375,1366.0999755859375,1366.0999755859375,1366.0999755859375,9574,0.0,0.0,2024-03-14,1457.759991455078,168.19046246951189,1625.95045392459,1289.5695289855662,1794.1409163941019,1121.3790665160543,-140.5506575166284,42.15307455414348,1918099,28045.547325149186,114539.5068364455,816.2930523046907,65.79913366150876,1366.0999755859375,1366.0999755859375,1366.0999755859375,1366.0999755859375,1366.0999755859375,1366.0999755859375,1366.0999755859375,,-99.72853511389715,107.79759465178267,142.948472514027,-35.15087786224433,49.67148247589603,41.635965547164105,1517.6400146484375,1457.759991455078,1115.330001220703,860.1355004882812,NIBE.BO,2025-07-29 12:11:18.836286
338,2024-03-13 00:00:00+05:30,1438.0,1438.0,1438.0,1438.0,4131,0.0,0.0,2024-03-13,1447.9424926757813,179.19309383303613,1627.1355865088174,1268.7493988427452,1806.3286803418537,1089.556305009709,-117.8468439383308,63.312406900967154,1927673,12738.0249217396,136162.99671426957,815.4734197633807,68.93706297543454,1438.0,1438.0,1438.0,1438.0,1438.0,1438.0,1438.0,,-69.3238699961229,129.76356701965574,151.73619197958806,-21.97262495993232,53.67620666319957,44.461943575706115,1563.9500244140625,1447.9424926757813,1100.612001953125,851.6195007324219,NIBE.BO,2025-07-29 12:11:18.836286
339,2024-03-12 00:00:00+05:30,1513.6500244140625,1513.6500244140625,1513.6500244140625,1513.6500244140625,34808,0.0,0.0,2024-03-12,1433.9374938964843,190.59410068329845,1624.5315945797827,1243.343393213186,1815.125695263081,1052.7492925298875,-69.08385279620708,85.67857455421911,1931804,112977.65489491535,167019.23966240208,815.0727301327845,70.52557959658537,1513.6500244140625,1513.6500244140625,1513.6500244140625,1513.6500244140625,1513.6500244140625,1513.6500244140625,1513.6500244140625,,-47.84594370012863,148.83949034350735,157.22934821957114,-8.389857876063786,58.26580407048712,46.72058911584451,1612.6900146484375,1433.9374938964843,1084.4980017089845,842.4895007324219,NIBE.BO,2025-07-29 12:11:18.836286
340,2024-03-11 00:00:00+05:30,1745.0,1745.0,1593.300048828125,1593.300048828125,56916,0.0,0.0,2024-03-11,1418.689990234375,196.0027186791597,1614.6927089135347,1222.6872715552154,1810.6954275926944,1026.6845528760557,48.50797827800099,122.94312773596623,1966612,194455.37555964425,180529.63585427377,811.26338500727,71.71139901643893,1643.86669921875,1694.433349609375,1542.7333984375,1795.566650390625,1492.166748046875,1846.13330078125,1391.033447265625,,-30.48947211843977,163.5569277954853,159.32681268858707,4.230115106898239,63.580906723616195,48.223431369600895,1664.0,1418.689990234375,1066.915001220703,832.6930004882812,NIBE.BO,2025-07-29 12:11:18.836286
341,2024-03-07 00:00:00+05:30,1517.800048828125,1677.5,1517.800048828125,1677.1500244140625,91133,0.0,0.0,2024-03-07,1402.639990234375,194.08537747540348,1596.7253677097785,1208.5546127589716,1790.810745185182,1014.4692352835682,45.577667627717695,124.2842777317468,2023528,327744.63637725345,177048.20092793115,804.2276739550545,64.84980334912825,1624.1500244140625,1730.5,1570.800048828125,1783.8499755859375,1464.4500732421875,1890.199951171875,1411.10009765625,,-16.037561976672407,172.07725170768617,158.2692839118625,13.807967795823686,69.80564443939173,48.72281162594015,1666.47998046875,1402.639990234375,1048.0880004882813,822.0634997558594,NIBE.BO,2025-07-29 12:11:18.836286
342,2024-03-06 00:00:00+05:30,1597.6500244140625,1597.6500244140625,1597.6500244140625,1597.6500244140625,10768,0.0,0.0,2024-03-06,1379.1099914550782,187.46730671463288,1566.5772981697112,1191.6426847404452,1754.044604884344,1004.1753780258125,43.27181949905729,124.2481906594057,1932395,36889.664924914694,139374.09206560056,791.4691794984217,60.68467042289384,1597.6500244140625,1597.6500244140625,1597.6500244140625,1597.6500244140625,1597.6500244140625,1597.6500244140625,1597.6500244140625,,-29.739734794754806,172.1206650041206,154.81729196290658,17.30337304121403,66.95761047123762,49.70396484620248,1636.8999755859375,1379.1099914550782,1027.6140002441407,810.7034997558594,NIBE.BO,2025-07-29 12:11:18.836286
343,2024-03-05 00:00:00+05:30,1750.0,1750.0,1681.699951171875,1681.699951171875,31846,0.0,0.0,2024-03-05,1354.072491455078,190.16350610330105,1544.235997558379,1163.9089853517771,1734.3995036616802,973.7454792484759,121.25539602644778,159.46315253718706,1943163,114839.5324200592,164995.19885077202,790.0745259701434,63.418004855601126,1704.4666341145833,1727.2333170572915,1658.9332682291665,1772.7666829427083,1636.1665852864583,1795.5333658854165,1590.6332194010415,,-14.76969412746407,177.39790376994802,150.49144870260307,26.90645506734495,73.79052357151843,50.76059139110038,1608.6599609375,1354.072491455078,1008.7790002441407,800.2484997558594,NIBE.BO,2025-07-29 12:11:18.836286
344,2024-03-04 00:00:00+05:30,1770.199951171875,1770.199951171875,1720.0,1770.199951171875,81854,0.0,0.0,2024-03-04,1319.847494506836,189.69119333919744,1509.5386878460336,1130.1563011676385,1699.2298811852309,940.4651078284412,167.4936689153725,184.3858765093609,1975009,310706.43273683067,177534.11545845022,785.4892675658923,63.72021531115236,1753.4666341145833,1786.9332682291665,1736.7333170572915,1803.6665852864583,1703.2666829427083,1837.1332194010415,1686.5333658854165,,-0.0,173.18887722474642,143.76483493576683,29.424042288979592,81.96908474345784,50.65575127565748,1578.9399658203124,1319.847494506836,988.1010009765625,789.0655004882813,NIBE.BO,2025-07-29 12:11:18.836286
345,2024-03-01 00:00:00+05:30,1605.699951171875,1605.699951171875,1560.0,1605.699951171875,17244,0.0,0.0,2024-03-01,1278.8249969482422,175.34479445031366,1454.1697913985558,1103.4802024979285,1629.5145858488695,928.1354080476149,116.98379600578981,153.81692296156095,1893155,59373.195230240315,144241.0361388551,772.2989932583097,48.97792413298094,1590.4666341145833,1620.9332682291665,1575.2333170572915,1636.1665852864583,1544.7666829427083,1666.6332194010415,1529.5333658854165,,-0.0,156.4600647960449,136.40882436352194,20.051240432522945,77.70383540233999,49.92337312938351,1517.5999755859375,1278.8249969482422,966.2380017089844,777.1120007324218,NIBE.BO,2025-07-29 12:11:18.836286
346,2024-02-29 00:00:00+05:30,1383.6500244140625,1529.25,1383.6500244140625,1529.25,80114,0.0,0.0,2024-02-29,1243.7674987792968,176.63881153922367,1420.4063103185206,1067.128687240073,1597.045121857744,890.4898757008496,76.98835355503299,133.73090463058782,1875911,262708.9801577175,165457.99636600877,769.9405547759407,45.19881818124057,1480.7166748046875,1577.7833251953125,1432.183349609375,1626.316650390625,1335.11669921875,1723.38330078125,1286.5833740234375,,-6.267734722146689,148.87226608360083,131.39601425539118,17.476251828209655,75.16901298533128,49.954520298603114,1475.22998046875,1243.7674987792968,947.5590026855468,766.9205010986328,NIBE.BO,2025-07-29 12:11:18.836286
347,2024-02-28 00:00:00+05:30,1550.0,1557.949951171875,1456.449951171875,1456.449951171875,40966,0.0,0.0,2024-02-28,1213.1299987792968,177.65352948437035,1390.7835282636672,1035.4764692949263,1568.4370577480374,857.8229398105561,102.85732043222035,146.53749748742428,1795797,127940.23355595962,141145.2504180816,759.8245858607638,62.44571087143416,1490.2832845052083,1524.1166178385415,1422.6166178385415,1591.7832845052083,1388.7832845052083,1625.6166178385415,1321.1166178385415,,-22.166416607750868,144.43110586135936,127.02695129833877,17.404154563020583,72.39382206126018,50.495128178105425,1434.87998046875,1213.1299987792968,930.4050024414063,757.6130010986328,NIBE.BO,2025-07-29 12:11:18.836286
348,2024-02-27 00:00:00+05:30,1536.6500244140625,1536.6500244140625,1450.0,1533.0999755859375,80489,0.0,0.0,2024-02-27,1185.95,180.03555213969523,1365.9855521396953,1005.9144478603048,1546.0211042793906,825.8788957206095,148.6221707299034,163.36265704276192,1836763,264603.15711359907,144446.50463361206,755.0463030690663,70.58093496999705,1506.5833333333333,1563.1666666666665,1476.516642252604,1593.2333577473958,1419.9333089192708,1649.816691080729,1389.8666178385415,,-0.8131124660189615,143.7264266604809,122.67591265758362,21.050514002897287,81.27457268537523,49.64217206319757,1396.45,1185.95,914.6300036621094,748.978501586914,NIBE.BO,2025-07-29 12:11:18.836286
349,2024-02-26 00:00:00+05:30,1463.5,1463.5,1463.5,1463.5,14695,0.0,0.0,2024-02-26,1154.5875,170.77439575328546,1325.3618957532856,983.8131042467146,1496.136291506571,813.0387084934291,176.76834207236746,164.45129107124387,1756274,46115.861946030025,114407.34151361532,744.4174164804027,70.60487978250649,1463.5,1463.5,1463.5,1463.5,1463.5,1463.5,1463.5,,-0.0,133.09768457220662,117.41328415685929,15.684400415347326,79.11429430094488,48.83225781023969,1330.65,1154.5875,897.2210046386718,739.4690020751954,NIBE.BO,2025-07-29 12:11:18.836286
350,2024-02-23 00:00:00+05:30,1393.8499755859375,1393.8499755859375,1365.0,1393.8499755859375,47583,0.0,0.0,2024-02-23,1124.55,166.35585767582,1290.90585767582,958.1941423241799,1457.2617153516399,791.83828464836,183.5323368213051,153.2952287104439,1741579,142218.42504615255,131480.21140551163,742.6194790854463,71.44394496027985,1384.2333170572917,1403.4666341145835,1374.616658528646,1413.0832926432292,1355.3833414713542,1432.316609700521,1345.7666829427085,0.4750620543425971,-0.0,124.3275853339826,113.49218405302244,10.835401280960156,76.60644519782596,48.36699349163502,1282.9800048828124,1124.55,881.4180041503906,730.5415020751954,NIBE.BO,2025-07-29 12:11:18.836286
351,2024-02-22 00:00:00+05:30,1309.9000244140625,1327.5,1291.0,1327.5,50435,0.0,0.0,2024-02-22,1095.9425018310546,166.80259614033952,1262.7450979713942,929.1399056907151,1429.5476941117336,762.3373095503756,141.23891827180125,142.83643327517888,1693996,143566.9810737357,128795.65799535139,737.3039906892095,74.1937471633838,1315.3333333333333,1339.6666666666665,1303.1666666666665,1351.8333333333333,1278.8333333333333,1376.1666666666665,1266.6666666666665,0.4361396862484031,-0.0,118.07492151167185,110.78333373278241,7.291587778889436,73.8264073424523,48.32777020780971,1261.4800048828124,1095.9425018310546,867.3510046386718,722.1990020751953,NIBE.BO,2025-07-29 12:11:18.836286
352,2024-02-21 00:00:00+05:30,1234.800048828125,1264.300048828125,1234.0,1264.300048828125,31522,0.0,0.0,2024-02-21,1071.4025024414063,167.04594035163993,1238.4484427930463,904.3565620897664,1405.4943831446863,737.3106217381264,61.98266378192977,131.9933012173276,1643561,85457.84414617097,125102.82722575529,732.1533821857557,69.08498087851812,1254.2000325520833,1274.4000651041665,1244.1000162760415,1284.5000813802083,1223.8999837239583,1304.7001139322915,1213.7999674479165,0.40960348179334455,-11.17358219361247,114.81507040275733,108.96043678806004,5.854633614697292,70.7521524957275,48.81016681396866,1241.6199951171875,1071.4025024414063,854.7760046386719,714.4105023193359,NIBE.BO,2025-07-29 12:11:18.836286
353,2024-02-20 00:00:00+05:30,1248.0,1248.0,1190.0,1204.0999755859375,29357,0.0,0.0,2024-02-20,1050.257501220703,168.10586146760414,1218.3633626883072,882.1516397530988,1386.4692241559114,714.0457782854947,14.423249899441625,126.87809058253575,1612039,75798.78314707255,135014.07299565137,729.234943047717,68.98519611547236,1214.0333251953125,1238.066650390625,1180.066650390625,1272.0333251953125,1156.0333251953125,1296.066650390625,1122.066650390625,0.37848634434940925,-25.892426507105746,115.12608848625996,107.49677838438569,7.6293101018742675,67.36134172400375,49.925974658013125,1222.7099853515624,1050.257501220703,843.9210034179688,707.1465020751953,NIBE.BO,2025-07-29 12:11:18.836286
354,2024-02-19 00:00:00+05:30,1286.0,1299.0,1222.050048828125,1225.1500244140625,45293,0.0,0.0,2024-02-19,1031.3125030517579,171.17813741760295,1202.4906404693609,860.1343656341548,1373.6687778869637,688.956228216552,66.72864136897373,150.89257022323378,1641396,118989.42710310339,149817.89545779605,726.7970688994097,72.71507408839483,1248.7333577473958,1275.4166666666665,1198.4667154947915,1325.6833089192708,1171.7834065755208,1352.3666178385415,1121.5167643229165,0.38179060796474423,-19.641198052300346,119.70874629904665,105.58945085891712,14.119295440129534,69.99618596079807,51.29488785165784,1213.4699951171874,1031.3125030517579,834.4370043945313,700.3795025634765,NIBE.BO,2025-07-29 12:11:18.836286
355,2024-02-16 00:00:00+05:30,1289.5999755859375,1289.5999755859375,1270.0,1286.3499755859375,34732,0.0,0.0,2024-02-16,1009.7475006103516,172.63463403842718,1182.382134648779,837.1128665719244,1355.016768687206,664.4782325334972,97.77155409371187,179.33527674913458,1686689,95802.52335653167,157525.01254646922,722.818277857524,78.43403733046704,1281.9833170572917,1293.9666341145835,1274.366658528646,1301.5832926432292,1262.3833414713542,1313.566609700521,1254.7666829427085,0.43291546248598806,-5.314612227879214,121.68905723084356,102.05962699888472,19.629430231958835,78.26038643699086,52.11533333129708,1210.17998046875,1009.7475006103516,824.4260034179688,693.2990020751953,NIBE.BO,2025-07-29 12:11:18.836286
356,2024-02-15 00:00:00+05:30,1212.0,1228.199951171875,1171.0,1228.199951171875,29303,0.0,0.0,2024-02-15,984.0750030517578,167.43543543110388,1151.5104384828617,816.6395676206539,1318.9458739139654,649.20413218955,58.7036316446283,166.1014161564805,1651957,77173.67363173304,172955.6348439536,719.3469295638021,78.6821672934815,1209.13330078125,1247.2666015625,1190.066650390625,1266.333251953125,1151.933349609375,1304.466552734375,1132.86669921875,0.3912239582113679,-17.782619310461957,116.35341380491673,97.15226944089501,19.201144364021715,75.73245088014545,51.93737688684638,1207.3699951171875,984.0750030517578,813.5800036621093,685.505502319336,NIBE.BO,2025-07-29 12:11:18.836286
357,2024-02-14 00:00:00+05:30,1115.050048828125,1204.9000244140625,1100.050048828125,1169.75,43214,0.0,0.0,2024-02-14,962.640005493164,161.88684072072851,1124.5268462138924,800.7531647724355,1286.4136869346212,638.866324051707,40.98255714511912,157.87034613448444,1622654,108394.07277455782,196901.1251470087,716.6885471561477,76.12821902363498,1158.2333577473958,1216.4166666666665,1111.566691080729,1263.0833333333333,1053.3833821614583,1321.266642252604,1006.7167154947915,0.3206427192826703,-27.938247011952193,113.48613918969943,92.35198334988958,21.13415583980985,72.7779424044502,52.20877054947459,1203.0400146484376,962.640005493164,803.6430041503907,678.2735028076172,NIBE.BO,2025-07-29 12:11:18.836286
358,2024-02-13 00:00:00+05:30,1150.0,1208.0,1148.300048828125,1157.9000244140625,100369,0.0,0.0,2024-02-13,943.765005493164,158.43851977470143,1102.2035252678654,785.3264857184627,1260.642045042567,626.8879659437612,58.83267047413813,177.55658108373785,1579440,249206.10277555825,219027.88824012136,713.1708899429436,78.5431446507327,1171.4000244140625,1194.5,1134.800048828125,1231.0999755859375,1111.7000732421875,1254.199951171875,1075.10009765625,0.2851138539798014,-30.29879991751743,113.85210643881521,87.0684443899371,26.783662048878114,72.13938616166197,52.694771893798986,1188.47001953125,943.765005493164,794.17900390625,671.5560028076172,NIBE.BO,2025-07-29 12:11:18.836286
359,2024-02-12 00:00:00+05:30,1275.0,1283.0,1208.699951171875,1208.699951171875,31431,0.0,0.0,2024-02-12,925.5900054931641,153.34893220572374,1078.938937698888,772.2410732874404,1232.2878699046116,618.8921410817165,106.7085031978737,226.61230074143543,1679809,81463.80973103363,211483.33460626213,705.0037445714515,87.63940800040639,1233.4666341145833,1258.2333170572915,1183.9332682291665,1307.7666829427083,1159.1665852864583,1332.5333658854165,1109.6332194010415,0.10967307665093572,-20.179292595244025,113.76266655124039,80.37252887771757,33.390137673522815,79.56931217346833,52.05557619655704,1156.3300170898438,925.5900054931641,784.56400390625,664.8970025634766,NIBE.BO,2025-07-29 12:11:18.836286
360,2024-02-09 00:00:00+05:30,1284.0,1310.0,1211.6500244140625,1272.300048828125,160956,0.0,0.0,2024-02-09,906.9650085449218,139.11440284417355,1046.0794113890954,767.8506057007482,1185.193814233269,628.7362028565747,166.70804828112767,269.79320712961896,1711240,439121.52670525224,243988.21582506923,702.090299965454,91.05319366850927,1264.6500244140625,1317.6500244140625,1219.300048828125,1363.0,1166.300048828125,1416.0,1120.9500732421875,,-7.509950432644422,106.92145653643593,72.02499445933687,34.89646207709906,90.39244250213723,49.671658396390754,1104.5400268554688,906.9650085449218,773.4010046386719,657.6900030517578,NIBE.BO,2025-07-29 12:11:18.836286
361,2024-02-08 00:00:00+05:30,1150.0,1206.550048828125,1150.0,1206.550048828125,99647,0.0,0.0,2024-02-08,883.1700073242188,111.24520259091746,994.4152099151362,771.9248047333014,1105.6604125060537,660.6796021423838,196.8477578921177,256.41924518978107,1550284,257808.70835646312,195204.88810502345,684.6850638425385,89.3638001962326,1187.7000325520833,1225.4000651041665,1168.8500162760415,1244.2500813802083,1131.1499837239583,1281.9501139322915,1112.2999674479165,,-0.0,90.27896657351096,63.3008789400621,26.978087633448858,88.94952237289729,47.01638873377812,1030.9900146484374,883.1700073242188,760.3470031738282,649.8970025634766,NIBE.BO,2025-07-29 12:11:18.836286
362,2024-02-07 00:00:00+05:30,1047.0999755859375,1096.9000244140625,1025.0,1096.9000244140625,113791,0.0,0.0,2024-02-07,860.7675048828125,84.6245342242641,945.3920391070767,776.1429706585484,1030.0165733313406,691.5184364342844,194.86755588312573,210.41642382852487,1450637,267647.36580789235,179553.9330421635,674.6332120616394,83.35266940569261,1072.933349609375,1120.86669921875,1048.9666748046875,1144.8333740234375,1001.0333251953125,1192.7667236328125,977.066650390625,,-0.0,74.07905190016754,56.556357031699875,17.522694868467667,85.60063204787392,44.46747735660426,972.9800048828125,860.7675048828125,748.6130017089844,642.8375021362305,NIBE.BO,2025-07-29 12:11:18.836286
363,2024-02-06 00:00:00+05:30,997.2000122070312,997.2000122070312,990.1500244140625,997.2000122070312,51619,0.0,0.0,2024-02-06,842.0425048828125,69.75121369700231,911.7937185798148,772.2912911858102,981.5449322768171,702.5400774888079,156.72899176597429,177.06124537306505,1336846,110377.32766468306,157530.57485073127,665.1364042344,82.27090785224658,994.8500162760416,999.5500081380208,992.500020345052,1001.9000040690104,987.8000284830729,1006.5999959309895,985.4500325520833,,-0.0,63.01470821673888,52.17568331458295,10.839024902155934,80.64935604513393,42.23515623349534,936.1699951171875,842.0425048828125,738.5090014648438,636.7765017700195,NIBE.BO,2025-07-29 12:11:18.836286
364,2024-02-05 00:00:00+05:30,949.75,949.75,932.5499877929688,949.75,187798,0.0,0.0,2024-02-05,826.5825042724609,67.7900836118604,894.3725878843213,758.7924206606006,962.1626714961817,691.0023370487402,113.78695772717225,154.74124340372737,1285227,382461.988132598,169318.88664724331,661.7137174654808,73.1741106996483,944.0166625976562,955.4833374023438,938.2833251953125,961.2166748046875,926.816650390625,972.683349609375,921.0833129882812,,-0.0,57.713167760363945,49.46592708904396,8.247240671319986,77.18191321492134,40.638085543380626,917.8999877929688,826.5825042724609,730.0050012207031,631.8125015258789,NIBE.BO,2025-07-29 12:11:18.836286
365,2024-02-02 00:00:00+05:30,941.7999877929688,942.0,901.0,904.5499877929688,61011,0.0,0.0,2024-02-02,812.8925048828125,69.23872026023793,882.1312251430504,743.6537846225747,951.3699454032884,674.4150643623367,94.13695916451918,145.80585524715468,1097429,118339.22715332138,116033.11127590464,650.4916325109474,47.29377298109045,915.8499959309896,930.6999918619792,889.6999918619792,956.8499959309896,874.8499959309896,971.6999918619792,848.6999918619792,,-23.498291371060454,54.72425477584352,47.40411692121396,7.320137854629557,72.88400699385343,39.5213840468793,900.4999877929688,812.8925048828125,722.4580017089844,627.4250015258789,NIBE.BO,2025-07-29 12:11:18.836286
366,2024-02-01 00:00:00+05:30,925.0,948.9500122070312,905.0,916.5,38816,0.0,0.0,2024-02-01,800.6775054931641,73.62798495563807,874.3054904488022,727.049520537526,947.9334754044402,653.421535581888,133.14019155233498,165.9044733273088,1158440,76283.61431200113,115456.58230655044,647.2346972224375,52.58480208600311,923.4833374023438,941.9666748046875,898.0166625976562,967.433349609375,879.5333251953125,985.9166870117188,854.066650390625,,-17.173860868278744,54.5199014027811,45.57408245755657,8.94581894522453,76.4175945564439,38.433339281305365,883.9299926757812,800.6775054931641,715.9410021972657,623.4895016479492,NIBE.BO,2025-07-29 12:11:18.836286
367,2024-01-31 00:00:00+05:30,925.0,930.0,878.0,912.8499755859375,67538,0.0,0.0,2024-01-31,786.5600067138672,77.23204934993362,863.7920560638008,709.3279573639336,941.0241054137344,632.095908014,151.2022352304482,167.38338865561428,1119624,132201.2669544987,125249.82430518775,645.020505025428,51.78417041859975,906.9499918619791,935.8999837239583,883.8999837239583,958.9499918619791,854.9499918619791,987.8999837239583,831.8999837239583,,-10.088249655330882,52.255312906231666,43.337627721250435,8.91768518498123,76.08879950438673,37.07042512802425,867.9699951171875,786.5600067138672,709.3150024414062,619.3775015258789,NIBE.BO,2025-07-29 12:11:18.836286
368,2024-01-30 00:00:00+05:30,885.0,905.8499755859375,865.0,905.8499755859375,116754,0.0,0.0,2024-01-30,772.4275085449219,78.7520228791434,851.1795314240653,693.6754856657785,929.9315543032087,614.9234627866351,167.38054506782066,169.11624583793193,1052086,226785.90471827833,123511.96364286,641.1328352023921,49.83678521292294,892.2333170572916,919.4666341145833,878.6166585286458,933.0832926432291,851.3833414713541,960.3166097005208,837.7666829427083,,-0.0,48.92367832784919,41.10820642500512,7.815471902844067,75.47999448081251,35.86103171792253,853.6800048828125,772.4275085449219,702.7680029296876,615.3990017700195,NIBE.BO,2025-07-29 12:11:18.836286
369,2024-01-29 00:00:00+05:30,862.75,862.75,850.0,862.75,68353,0.0,0.0,2024-01-29,758.7500091552735,78.11207488477416,836.8620840400476,680.6379342704993,914.9741589248217,602.5258593857252,127.14775002263286,147.91298965935906,935332,126453.41477042894,97693.47837400543,634.3192842371216,47.98705522152138,858.5,867.0,854.25,871.25,845.75,879.75,841.5,,-7.702020202020202,44.606302567225384,39.1543384492941,5.451964117931283,71.30250480839952,34.92057421719601,837.5500122070313,758.7500091552735,696.1520031738281,611.4405020141602,NIBE.BO,2025-07-29 12:11:18.836286
370,2024-01-25 00:00:00+05:30,840.0,849.0,808.0,821.7000122070312,36507,0.0,0.0,2024-01-25,747.3375091552734,78.78872219846434,826.1262313537378,668.5487869568091,904.9149535522022,589.7600647583447,34.82500648243234,122.9354457468909,866979,64324.65305679325,90503.49427489955,630.8244559510931,46.19446878714762,826.2333374023438,844.4666748046875,803.4666748046875,867.2333374023438,785.2333374023438,885.4666748046875,762.4666748046875,,-28.434337269176137,42.64759479402335,37.791347419811274,4.856247374212074,66.21134218129936,34.697941272535715,823.7700073242188,747.3375091552734,690.2640026855469,607.8130020141601,NIBE.BO,2025-07-29 12:11:18.836286
371,2024-01-24 00:00:00+05:30,848.0,849.0,826.3499755859375,836.7000122070312,14793,0.0,0.0,2024-01-24,738.8500091552735,79.49638580218836,818.3463949574618,659.3536233530851,897.8427807596502,579.8572375508968,79.66564441340226,144.56446403707923,903486,26540.802227053497,97048.20457942612,629.2519092884535,56.0585120300761,837.3499959309896,848.3500162760417,825.6999918619792,860.0000203450521,814.6999715169271,871.0000406901042,803.0499674479167,,-19.38966563050176,43.5364814459125,36.57728557625825,6.959195869654252,70.45227522052039,34.75603759003138,814.010009765625,738.8500091552735,684.972001953125,604.547001953125,NIBE.BO,2025-07-29 12:11:18.836286
372,2024-01-23 00:00:00+05:30,850.0,865.0,822.0999755859375,841.4000244140625,47659,0.0,0.0,2024-01-23,729.6875091552735,78.17434631478264,807.8618554700561,651.5131628404908,886.0362017848388,573.3388165257081,112.52014291956742,162.86877080562311,918279,85987.52704776144,114675.05516751927,628.5570528884948,59.70853873434361,842.8333333333334,863.5666910807292,820.6666666666667,885.7333577473959,799.9333089192709,906.4667154947917,777.7666422526042,,-15.711514774856399,42.537609334377976,34.837486608844685,7.700122725533291,71.79015104580608,33.957093851176886,806.5700073242188,729.6875091552735,678.932001953125,601.2290017700195,NIBE.BO,2025-07-29 12:11:18.836286
373,2024-01-19 00:00:00+05:30,833.4500122070312,850.0,810.0,825.2000122070312,34956,0.0,0.0,2024-01-19,720.4125091552735,75.169189640198,795.5816987954715,645.2433195150754,870.7508884356695,570.0741298748775,89.50548121040971,158.560488542548,870620,61854.16800510576,121846.93719745871,626.2351414325459,58.299285369206665,828.4000040690104,846.8000081380208,806.8000081380208,868.4000040690104,788.4000040690104,886.8000081380208,766.8000081380208,,-20.19892228829045,40.151361120669776,32.912455927461366,7.23890519320841,69.96463269090017,33.096692901641276,796.7400024414062,720.4125091552735,672.2890014648438,597.7650015258789,NIBE.BO,2025-07-29 12:11:18.836286
374,2024-01-17 00:00:00+05:30,774.0,800.0,760.0,793.8499755859375,36723,0.0,0.0,2024-01-17,711.5425079345703,72.57531600880505,784.1178239433754,638.9671919257652,856.6931399521803,566.3918759169602,12.702318066366699,115.8547397635723,835664,62512.17384346161,136845.12949554695,624.6303135253584,54.34851150387192,784.6166585286459,809.2333170572917,769.2333170572917,824.6166585286459,744.6166585286459,849.2333170572917,729.2333170572917,,-32.002289601647846,38.083342092892394,31.102729629159256,6.980612463733138,66.01238679062729,32.434375497461595,790.5800048828125,711.5425079345703,665.9990014648438,594.3725015258789,NIBE.BO,2025-07-29 12:11:18.836286
375,2024-01-16 00:00:00+05:30,808.9500122070312,809.0,760.0,772.9000244140625,55211,0.0,0.0,2024-01-16,705.7025085449219,70.26620668605341,775.9687152309752,635.4363018588685,846.2349219170287,565.1700951728151,19.07128420459772,118.67399202132704,798941,91503.34017247282,155428.3684085683,623.1841578989626,50.57046735280471,780.6333414713541,801.2666829427083,752.2666829427083,829.6333414713541,731.6333414713541,850.2666829427083,703.2666829427083,,-39.36328673630618,37.946134336786486,29.35757651322597,8.588557823560517,62.99044062354878,32.79930812387384,799.0500122070313,705.7025085449219,660.417001953125,591.1985018920899,NIBE.BO,2025-07-29 12:11:18.836286
376,2024-01-15 00:00:00+05:30,800.0,831.8499755859375,791.0,799.5,86962,0.0,0.0,2024-01-15,700.6450073242188,68.79992218648354,769.4449295107023,631.8450851377353,838.2448516971858,563.0451629512518,61.560523966921046,161.55087102431315,854152,149085.70406358532,171409.62546759215,621.2354996629647,51.62429842959149,807.4499918619791,823.8999837239583,783.0500081380208,848.2999674479166,766.6000162760416,864.7499593098958,742.2000325520833,,-29.40074906367041,39.25877816844502,27.210437057335838,12.048341111109181,70.36688948839227,33.19231249077934,803.7500122070312,700.6450073242188,655.3290014648437,588.1410015869141,NIBE.BO,2025-07-29 12:11:18.836286
377,2024-01-12 00:00:00+05:30,771.4000244140625,824.0,771.4000244140625,792.25,101036,0.0,0.0,2024-01-12,694.2475067138672,64.96590476949534,759.2134114833625,629.2816019443719,824.1793162528579,564.3156971748765,61.03799828833305,159.60686041912047,767190,171643.12201645426,176990.60581859387,617.5044368923672,46.49866997330749,795.8833414713541,820.3666585286458,767.7666829427083,848.4833170572916,743.2833658854166,872.9666341145833,715.1667073567708,,-32.11610486891386,37.72483550629522,24.198351779558543,13.526483726736679,69.46180796710709,32.166728216974974,795.5500122070313,694.2475067138672,649.7990014648437,584.7260015869141,NIBE.BO,2025-07-29 12:11:18.836286
378,2024-01-11 00:00:00+05:30,878.0,878.0,794.4000244140625,794.4000244140625,310318,0.0,0.0,2024-01-11,688.0200073242188,60.92076504910382,748.9407723733226,627.099242275115,809.8615374224264,566.1784772260112,103.33510095962488,209.05287470891133,868226,528608.606303746,178327.47676912876,613.1491994075149,52.14702353232388,822.2666829427084,850.1333414713542,766.5333658854167,905.8666585286459,738.6667073567709,933.7333170572917,682.9333902994792,,-31.31085227937734,35.90335080238685,20.81673084787437,15.086619954512482,70.05097770084724,31.21004804093076,781.5800170898438,688.0200073242188,644.3550012207031,581.333501586914,NIBE.BO,2025-07-29 12:11:18.836286
379,2024-01-10 00:00:00+05:30,836.2000122070312,836.2000122070312,836.2000122070312,836.2000122070312,46691,0.0,0.0,2024-01-10,681.4325073242187,55.712833984460076,737.1453413086788,625.7196733397586,792.8581752931389,570.0068393552986,154.75148495617387,244.54213194095794,1178544,83720.4122632564,90757.1943854744,598.1246175753697,73.97958497396516,836.2000122070312,836.2000122070312,836.2000122070312,836.2000122070312,836.2000122070312,836.2000122070312,836.2000122070312,,-0.0,32.81556342399199,17.04507585924625,15.77048756474574,82.71706924416588,28.97463887425965,760.3000122070313,681.4325073242187,638.6460009765625,577.8880014038086,NIBE.BO,2025-07-29 12:11:18.836286
380,2024-01-09 00:00:00+05:30,796.4000244140625,796.4000244140625,796.4000244140625,796.4000244140625,26487,0.0,0.0,2024-01-09,673.290005493164,42.15311536922612,715.4431208623902,631.1368901239379,757.5962362316162,588.9837747547118,171.40891432317346,204.85846568491195,1131853,45232.65180782043,92516.38991602889,595.1177530463652,67.34291750644218,796.4000244140625,796.4000244140625,796.4000244140625,796.4000244140625,796.4000244140625,796.4000244140625,796.4000244140625,,-0.0,24.24838891561842,13.102453968059814,11.145934947558606,79.4284143964867,26.567275156306145,728.2500122070312,673.290005493164,631.9290008544922,574.1160012817382,NIBE.BO,2025-07-29 12:11:18.836286
381,2024-01-08 00:00:00+05:30,750.0,758.5,750.0,758.5,36178,0.0,0.0,2024-01-08,667.995004272461,31.068840343045007,699.063844615506,636.9261639294159,730.132684958551,605.857323586371,182.12911889491838,154.71576972864355,1105366,58842.09851153921,104337.32444308099,593.6652158372164,67.1743562209825,755.6666666666666,761.3333333333333,752.8333333333333,764.1666666666666,747.1666666666666,769.8333333333333,744.3333333333333,0.04328809364708281,-0.0,16.83210536684726,10.315970231170162,6.5161351356770965,75.26690561947049,24.564027550851257,701.0200073242188,667.995004272461,626.0080004882813,570.7010009765625,NIBE.BO,2025-07-29 12:11:18.836286
382,2024-01-05 00:00:00+05:30,700.0,722.4000244140625,680.0,722.4000244140625,104917,0.0,0.0,2024-01-05,665.0075042724609,23.969713730949643,688.9772180034105,641.0377905415113,712.9469317343602,617.0680768105616,162.82073778961208,88.91179807983475,1069188,162521.80201457225,115711.13092596641,592.0243073732836,65.87683257278616,708.2666829427084,736.5333658854167,694.1333414713542,750.6667073567709,665.8666585286459,778.9333902994792,651.7333170572917,-0.007138359128283274,-0.0,10.814561328262357,8.686936447250886,2.127624881011471,69.87725064171796,23.156007722032733,676.1500122070313,665.0075042724609,621.1070007324219,567.6830010986328,NIBE.BO,2025-07-29 12:11:18.836286
383,2024-01-04 00:00:00+05:30,689.9500122070312,699.0,684.9000244140625,688.0,45900,0.0,0.0,2024-01-04,664.9650024414062,23.863108829188,688.8281112705943,641.1018936122182,712.6912200997822,617.2387847830303,170.18742924083756,66.88622310491215,964271,67715.6633144556,104008.46315381496,588.1485565895505,60.86727363783235,690.6333414713541,696.3666585286458,682.2666829427083,704.7333170572916,676.5333658854166,710.4666341145833,668.1667073567708,-0.1465199153970677,-12.5,6.501725096745986,8.155030226998019,-1.6533051302520327,62.68155868486635,22.61619828875099,657.710009765625,664.9650024414062,617.0170007324218,564.9365008544922,NIBE.BO,2025-07-29 12:11:18.836286
384,2024-01-03 00:00:00+05:30,670.0,692.6500244140625,665.0,675.9500122070312,202486,0.0,0.0,2024-01-03,667.0600036621094,27.54677998247014,694.6067836445795,639.5132236796392,722.1535636270496,611.9664436971691,162.63461614056294,52.44385516947014,918371,293492.8967093693,113081.6631136548,586.8328302909819,55.80783110922716,677.8666788736979,690.7333577473958,663.0833333333333,705.5167032877604,650.2166544596354,718.3833821614583,635.4333089192708,-0.11050528322978698,-20.453162539599955,4.269358006314519,8.568356509561026,-4.298998503246507,59.537626021533676,22.864146349197334,646.5700073242188,667.0600036621094,613.6590002441407,562.4465008544922,NIBE.BO,2025-07-29 12:11:18.836286
385,2024-01-02 00:00:00+05:30,665.8499755859375,665.8499755859375,645.0499877929688,660.25,94766,0.0,0.0,2024-01-02,669.4925018310547,30.375848986079873,699.8683508171346,639.1166528449749,730.2441998032144,608.740803858895,52.57891232761698,28.494762021159243,715885,134168.00832229748,67978.85471472614,581.3328189534024,35.292228585953524,657.0499877929688,669.0499877929688,648.25,677.8499755859375,636.25,689.8499755859375,627.4500122070312,-0.10667309078170704,-38.4375,2.533305635201259,9.643106135372653,-7.109800500171394,54.94547600270498,23.382159173329725,638.2800048828125,669.4925018310547,610.5440002441406,560.1665008544921,NIBE.BO,2025-07-29 12:11:18.836286
386,2024-01-01 00:00:00+05:30,635.0,648.2999877929688,616.5999755859375,634.1500244140625,13281,0.0,0.0,2024-01-01,673.6825012207031,34.529487631692106,708.2119888523952,639.153013589011,742.7414764840873,604.6235259573189,-81.33632104257113,1.7751666481745716,621119,18059.711298414128,51431.566312833296,578.9855642785153,19.048618629005745,633.0166625976562,649.433349609375,617.7333374023438,664.7166748046875,601.316650390625,681.1333618164062,586.0333251953125,-0.21939303490102158,-73.84178032309322,1.818462428404814,11.420556260415502,-9.602093832010688,45.37556665345556,25.15645459346723,636.6200073242187,673.6825012207031,607.5390002441407,558.1345007324219,NIBE.BO,2025-07-29 12:11:18.836286
387,2023-12-29 00:00:00+05:30,640.0,647.7000122070312,615.0499877929688,630.2000122070312,66068,0.0,0.0,2023-12-29,678.5424987792969,35.499261784647004,714.041760563944,643.0432369946499,749.5410223485909,607.5439752100029,-111.95481193039386,2.46688815038187,607838,89280.69874893957,59774.530066438085,578.7546555582031,15.20813496764157,630.9833374023438,646.9166870117188,614.2666625976562,663.6333618164062,598.3333129882812,679.5667114257812,581.6166381835938,-0.1416293928054096,-83.07623610300388,3.44614618455455,13.821079718418174,-10.374933533863624,43.694870186026876,26.122899249634155,640.4800048828125,678.5424987792969,604.9409997558594,556.4565005493164,NIBE.BO,2025-07-29 12:11:18.836286
388,2023-12-28 00:00:00+05:30,634.2000122070312,649.7999877929688,611.0,632.2999877929688,64385,0.0,0.0,2023-12-28,681.8599975585937,33.803543762699626,715.6635413212933,648.0564537958941,749.467085083993,614.2529100331944,-140.9164649298795,5.64335008966197,673906,87296.31002730968,52397.98789581271,577.6606329859628,16.61044229923708,631.0333251953125,651.066650390625,612.2666625976562,669.8333129882812,592.2333374023438,689.8666381835938,573.4666748046875,-0.08017328768600064,-81.22522212329154,5.866876647521394,16.41481310188408,-10.547936454362684,44.36880452480781,27.127934144793215,645.6200073242187,681.8599975585937,602.6269995117187,,NIBE.BO,2025-07-29 12:11:18.836286
389,2023-12-27 00:00:00+05:30,651.9500122070312,659.0,631.0,634.5,37508,0.0,0.0,2023-12-27,684.1024993896484,31.769171449548995,715.8716708391975,652.3333279400994,747.6408422887464,620.5641564905504,-121.18306592600477,19.650369077844235,738291,51032.11255178446,43673.407362938466,576.5043234883431,23.50746304212791,641.5,652.0,624.0,669.5,613.5,680.0,596.0,-0.027323058123534225,-85.94345226715954,8.670437346984613,19.05179721547475,-10.381359868490136,45.04465259253389,28.21027941650297,648.7200073242187,684.1024993896484,600.4809997558593,,NIBE.BO,2025-07-29 12:11:18.836286
390,2023-12-26 00:00:00+05:30,657.2000122070312,678.7999877929688,631.0,651.9500122070312,30454,0.0,0.0,2023-12-26,684.9049987792969,30.63263466216131,715.5376334414582,654.2723641171356,746.1702681036195,623.6397294549743,-74.01970718115804,34.89988702380356,775799,42574.21552889573,41833.73106572696,575.7804031083361,23.306151874433823,653.9166666666666,676.8333333333333,629.0333455403645,701.7166544596354,606.1166788736979,724.633321126302,581.2333577473958,0.07384921163531355,-72.6126585678143,11.911806474438436,21.647137182597284,-9.735330708158848,50.7368937535716,30.276199256604816,657.2300048828125,684.9049987792969,598.4709997558593,,NIBE.BO,2025-07-29 12:11:18.836286
391,2023-12-22 00:00:00+05:30,657.1500244140625,668.25,641.0499877929688,653.4500122070312,21811,0.0,0.0,2023-12-22,683.2874969482422,33.21001473192684,716.497511680169,650.0774822163153,749.7075264120958,616.8674674843885,-96.40127559709354,37.89445522336673,806253,30561.591143378148,41648.60994993477,575.0005347582949,21.868729783996997,654.25,667.4500122070312,640.25,681.4500122070312,627.0499877929688,694.6500244140625,613.0499877929688,0.07001082044750029,-74.04445428471814,14.162697466100667,24.080969859636994,-9.918272393536327,51.25387874000338,32.50103600748373,661.1900024414062,683.2874969482422,596.0389990234376,,NIBE.BO,2025-07-29 12:11:18.836286
392,2023-12-21 00:00:00+05:30,616.0999755859375,658.0,616.0999755859375,655.9000244140625,30955,0.0,0.0,2023-12-21,681.6074951171875,35.56520474998967,717.1726998671771,646.0422903671978,752.7379046171668,610.4770856172081,-183.16113995507965,30.091325740826612,828064,43536.79637613332,44420.364651573924,574.421029750673,38.131565373168,643.3333333333334,670.5666910807292,628.6666666666667,685.2333577473959,601.4333089192709,712.4667154947917,586.7666422526042,0.16007401432852458,-73.78126744004645,16.68220642563631,26.560537958021072,-9.878331532384763,52.05839527532348,34.38851023459744,664.8099975585938,681.6074951171875,593.7929992675781,,NIBE.BO,2025-07-29 12:11:18.836286
393,2023-12-20 00:00:00+05:30,675.0,684.75,643.2000122070312,647.7999877929688,55333,0.0,0.0,2023-12-20,678.397494506836,40.55483055411323,718.9523250609492,637.8426639527228,759.5071556150624,597.2878333986096,-101.68165155304712,46.7199397846977,797109,76862.26279708008,44641.256720434074,573.5577627093788,46.97318194964071,658.5833333333334,673.9666544596355,632.4166666666667,700.1333211263021,617.0333455403646,715.5166422526042,590.866678873698,0.16018092238138032,-96.31116669154734,19.41389159699122,29.030120841117263,-9.616229244126043,49.63120367065753,35.901945329538506,667.1699951171875,678.397494506836,591.7179992675781,,NIBE.BO,2025-07-29 12:11:18.836286
394,2023-12-19 00:00:00+05:30,691.0,691.0,653.6500244140625,677.0499877929688,27040,0.0,0.0,2023-12-19,674.6074951171875,46.64881611683317,721.2563112340206,627.9586790003543,767.9051273508538,581.3098628835211,-53.59378853538383,63.79136877302739,852442,39256.84878378272,36586.00520127257,572.1245594233218,60.5309225910595,673.9000040690104,694.1499837239583,656.8000081380208,711.2499796549479,636.5500284830729,731.4999593098958,619.4500325520833,0.15601617740829193,-79.51863161583698,23.414857406379156,31.43417815214877,-8.019320745769615,59.77969141125535,38.60589947838553,670.1400024414063,674.6074951171875,590.03,,NIBE.BO,2025-07-29 12:11:18.836286
395,2023-12-18 00:00:00+05:30,678.0,684.0,665.0,671.75,9176,0.0,0.0,2023-12-18,669.3749969482421,51.930596098739876,721.305593046982,617.4444008495022,773.2361891457219,565.5138047507623,-64.28664327650384,67.23514255998649,825402,13217.493126035853,35918.29430564503,571.1253041203859,64.80942611801979,673.5833333333334,682.1666666666667,663.1666666666667,692.5833333333334,654.5833333333334,701.1666666666667,644.1666666666667,0.089563971037474,-84.15757060311816,25.301853671332196,33.43900833859117,-8.137154667258976,58.34663963102841,40.979735703406774,669.4,669.3749969482421,587.9859997558593,,NIBE.BO,2025-07-29 12:11:18.836286
396,2023-12-15 00:00:00+05:30,686.0,686.0,661.0,671.5499877929688,8602,0.0,0.0,2023-12-15,664.7224975585938,55.7354402130694,720.4579377716632,608.9870573455244,776.1933779847326,553.251617132455,-77.77415815731888,70.69702636013253,816226,12386.990284959633,41593.494600547325,570.7990523865767,66.98571462667023,672.8499959309896,684.6999918619792,659.6999918619792,697.8499959309896,647.8499959309896,709.6999918619792,634.6999918619792,0.08540243645565312,-60.12482784467629,27.85638778302166,35.47329700540591,-7.616909222384251,58.2945707166175,42.912078587726896,673.15,664.7224975585938,586.2819995117187,,NIBE.BO,2025-07-29 12:11:18.836286
397,2023-12-14 00:00:00+05:30,683.0,685.0,653.6500244140625,667.7000122070312,25736,0.0,0.0,2023-12-14,660.4049987792969,58.45679545322898,718.8617942325259,601.9482033260679,777.3185896857549,543.4914078728389,-105.75084589944952,71.4523974704338,807624,36847.705134040094,48895.12067944424,570.4918918680031,68.28028616317562,668.7833455403646,683.9166666666667,652.5666910807292,700.1333211263021,637.4333699544271,715.2666422526042,621.2167154947917,0.08970514600381825,-61.51012718840415,30.724597237573903,37.37752431100197,-6.652927073428067,57.341376569912605,44.993063232379335,678.5900024414062,660.4049987792969,584.8209997558594,,NIBE.BO,2025-07-29 12:11:18.836286
398,2023-12-13 00:00:00+05:30,690.0,690.2000122070312,658.0,662.6500244140625,16763,0.0,0.0,2023-12-13,656.2949981689453,60.7611550423053,717.0561532112506,595.53384312664,777.8173082535559,534.7726880843347,-116.93062981148819,77.67420333785488,781888,23819.02479655437,51906.97456579527,569.5970630167595,74.21889576266906,670.2833455403646,682.5666910807292,650.366678873698,702.4833577473959,638.0833333333334,714.7667032877605,618.1666666666667,0.09171975883315274,-59.869152882261204,34.3104145554629,39.040756079358985,-4.730341523896087,56.11985022633442,47.27136138703343,689.3599975585937,656.2949981689453,583.3269995117188,,NIBE.BO,2025-07-29 12:11:18.836286
399,2023-12-12 00:00:00+05:30,695.0,699.5,669.0,673.3499755859375,19949,0.0,0.0,2023-12-12,651.9149963378907,63.3798566336098,715.2948529715005,588.5351397042808,778.6747096051103,525.1552830706711,-88.48358818631502,93.24851469233734,798651,28803.81363173438,58928.962008105496,569.0357693842526,78.09833330074504,680.6166585286459,692.2333170572917,661.7333170572917,711.1166585286459,650.1166585286459,722.7333170572917,631.2333170572917,0.06907191136804137,-47.77667365532998,38.8788398503184,40.22334146033301,-1.3445016100146105,59.47030600248809,49.5137570720976,702.8099975585938,651.9149963378907,581.7169995117188,,NIBE.BO,2025-07-29 12:11:18.836286
400,2023-12-11 00:00:00+05:30,700.0,724.4500122070312,663.8499755859375,690.5,33501,0.0,0.0,2023-12-11,646.6649963378907,65.81294172399441,712.4779380618851,580.8520546138963,778.2908797858795,515.0391128899018,-31.825671311040747,112.38430428406774,818600,49603.174005031055,66460.24910219827,568.2815432895667,74.89342099642748,692.9333292643229,722.0166829427083,661.4166463216145,753.5333658854166,632.3332926432291,782.616719563802,600.8166097005208,0.045971508505605316,-39.110669462131995,43.08495219801193,40.55946686283666,2.5254853351752757,65.26987663102088,51.39098979339634,713.0599975585938,646.6649963378907,579.665,,NIBE.BO,2025-07-29 12:11:18.836286
401,2023-12-08 00:00:00+05:30,719.5,720.0,691.0999755859375,698.75,24182,0.0,0.0,2023-12-08,639.9949951171875,67.86446622322777,707.8594613404152,572.1305288939598,775.723927563643,504.26606267073197,9.157960472275784,131.86296608538123,852101,36232.81286341256,70674.51787649008,566.7793110900546,72.80555789742616,703.2833251953125,715.4666748046875,686.566650390625,732.183349609375,674.38330078125,744.36669921875,657.6666259765625,0.10613402937690342,-34.94189786929041,46.12823072059791,39.928095529042835,6.200135191555077,68.24261343328818,53.41262503171807,723.7699951171875,639.9949951171875,577.0469995117187,,NIBE.BO,2025-07-29 12:11:18.836286
402,2023-12-07 00:00:00+05:30,747.0,747.0,718.0,721.5499877929688,15982,0.0,0.0,2023-12-07,631.7924957275391,70.26093945243495,702.053435179974,561.5315562751041,772.314374632409,491.2706168226691,61.328582863722296,171.02327588951283,876283,24727.80476890892,79284.94412975945,565.5979502422758,72.12227494899518,728.8499959309896,739.6999918619792,710.6999918619792,757.8499959309896,699.8499959309896,768.6999918619792,681.6999918619792,0.1415538666931198,-23.186608784542567,48.51313684844524,38.37806173115407,10.135075117291173,77.27444376644114,54.19738530714256,730.289990234375,631.7924957275391,574.045,,NIBE.BO,2025-07-29 12:11:18.836286
403,2023-12-06 00:00:00+05:30,717.0,745.0,709.0,729.9000244140625,35885,0.0,0.0,2023-12-06,621.1774963378906,72.00222375164218,693.1797200895328,549.1752725862484,765.181943841175,477.1730488346062,71.55062541183942,187.77532588873754,892265,56164.81619662438,92924.22896997207,564.6698132916626,69.18464950337462,727.9666748046875,746.933349609375,710.933349609375,763.9666748046875,691.9666748046875,782.933349609375,674.933349609375,0.15043323156906319,-19.009502430719458,48.58603851966279,35.84429295183128,12.741745567831515,80.91630249157058,53.358144973568066,725.289990234375,621.1774963378906,570.3720007324218,,NIBE.BO,2025-07-29 12:11:18.836286
404,2023-12-05 00:00:00+05:30,759.0,760.0,711.5499877929688,724.5999755859375,48820,0.0,0.0,2023-12-05,610.217495727539,71.26095055257767,681.4784462801167,538.9565451749613,752.7393968326944,467.6955946223837,89.82313675498199,215.2076415361188,856380,75854.98090516431,102114.082163309,562.4319431678715,73.36339265463164,732.0499877929688,752.5499877929688,704.0999755859375,780.5,683.5999755859375,801.0,655.6499633789062,0.12723827373664023,-21.66085219601351,47.12087055998268,32.6588565598734,14.462014000109278,80.37106119891801,52.4829825098767,714.739990234375,610.217495727539,566.3220007324219,,NIBE.BO,2025-07-29 12:11:18.836286
405,2023-12-04 00:00:00+05:30,767.9000244140625,767.9000244140625,732.0499877929688,744.0499877929688,109242,0.0,0.0,2023-12-04,599.7249969482422,68.9443630872945,668.6693600355367,530.7806338609477,737.6137231228312,461.83627077365315,134.09030132235395,264.52580265622873,905200,174292.92956509016,108678.85747784514,559.3877484302008,79.36464621653656,748.0,763.9500122070312,728.0999755859375,783.8500366210938,712.1499633789062,799.800048828125,692.2499389648438,0.13658508810833742,-11.930982345300782,45.05303350285942,29.04335305984608,16.00968044301334,89.04009910882188,51.37839618447565,699.9299926757812,599.7249969482422,562.1720007324219,,NIBE.BO,2025-07-29 12:11:18.836286
406,2023-12-01 00:00:00+05:30,724.2999877929688,731.3499755859375,711.0999755859375,731.3499755859375,50214,0.0,0.0,2023-12-01,588.4474975585938,62.212427310737574,650.6599248693313,526.2350702478562,712.8723521800689,464.02264293711863,151.75877998882368,262.0641605867656,795958,78747.73709324368,92275.33945603388,551.2909407943296,78.58474230845549,724.5999755859375,738.0999755859375,717.8499755859375,744.8499755859375,704.3499755859375,758.3499755859375,697.5999755859375,0.16689161603263772,-0.0,39.80742222747324,25.040932949092742,14.766489278380497,88.27317748422234,48.83386016439346,675.039990234375,588.4474975585938,557.4310009765625,,NIBE.BO,2025-07-29 12:11:18.836286
407,2023-11-30 00:00:00+05:30,692.9500122070312,711.0,660.0,696.5499877929688,88613,0.0,0.0,2023-11-30,578.0299987792969,53.914702232701195,631.9447010119981,524.1152965465957,685.8594032446993,470.2005943138945,151.7300617261153,231.8302028679216,745744,132354.20448262536,95657.24004673141,547.5873056944561,79.1573919190919,689.1833292643229,718.3666585286458,667.3666585286458,740.1833292643229,638.1833292643229,769.3666585286458,616.3666585286458,0.11890055626982046,-7.768823767221102,33.73906623274752,21.349310629497616,12.389755603249903,85.73297299231017,46.346833084298076,652.739990234375,578.0299987792969,552.9040014648438,,NIBE.BO,2025-07-29 12:11:18.836286
408,2023-11-29 00:00:00+05:30,665.0,683.0499877929688,660.0,677.1500244140625,92981,0.0,0.0,2023-11-29,569.2049987792968,47.56501843634646,616.7700172156433,521.6399803429504,664.3350356519898,474.0749619066039,180.72468528947948,226.41899232278186,657131,135010.36902756727,86482.99893775793,541.9765580135405,77.38572098844237,673.4000040690104,686.8000081380208,663.750020345052,696.4499918619791,650.3500162760416,709.8499959309895,640.7000325520833,0.10879227847246063,-3.406445729009868,28.885805215584128,18.25187172868514,10.63393348689899,83.93115559656188,43.846665962433974,631.7699951171875,569.2049987792968,548.9330017089844,,NIBE.BO,2025-07-29 12:11:18.836286
409,2023-11-28 00:00:00+05:30,621.0499877929688,650.5499877929688,607.6500244140625,650.5499877929688,52142,0.0,0.0,2023-11-28,560.7949981689453,42.02139883462945,602.8163970035748,518.7735993343158,644.8377958382042,476.7522004996864,162.18348071555974,173.72058994698634,564150,72737.16526117407,74351.1564153056,536.41438999856,72.55411024858834,636.25,664.8499755859375,621.9500122070312,679.1499633789062,593.3500366210938,707.7499389648438,579.050048828125,0.07616527035249596,-0.0,24.145099167053786,15.593388356960391,8.551710810093395,80.8523016074859,41.45681816398533,610.739990234375,560.7949981689453,545.2300012207031,,NIBE.BO,2025-07-29 12:11:18.836286
410,2023-11-24 00:00:00+05:30,640.0,640.0,605.0,619.5999755859375,37975,0.0,0.0,2023-11-24,553.2849990844727,38.402164425545884,591.6871635100185,514.8828346589269,630.0893279355645,476.4806702333809,196.9486907291201,155.97188302353956,512008,50454.1841212138,74754.65420383847,533.7184754431577,67.70298864054986,621.5333251953125,638.066650390625,603.066650390625,656.5333251953125,586.5333251953125,673.066650390625,568.066650390625,0.023174437847058225,-14.676276556879497,20.329424587800077,13.45546065443704,6.8739639333630365,75.8536876771345,39.368088315983364,595.1099975585937,553.2849990844727,541.9790014648438,,NIBE.BO,2025-07-29 12:11:18.836286
411,2023-11-23 00:00:00+05:30,600.0,621.25,592.0999755859375,619.8499755859375,90172,0.0,0.0,2023-11-23,547.3225006103515,36.78758946280425,584.1100900731558,510.5349111475473,620.89767953596,473.74732168474304,209.9050083012406,144.57003952219804,549983,119852.2810486005,80829.77172449464,532.2152270660067,63.936927193643065,611.066650390625,630.0333251953125,600.88330078125,640.2166748046875,581.9166259765625,659.183349609375,571.7332763671875,0.029396150249051022,-1.164261466995842,18.184290539481253,11.736969671096283,6.4473208683849705,76.0025057238033,37.316594831618985,586.9300048828125,547.3225006103515,539.447001953125,,NIBE.BO,2025-07-29 12:11:18.836286
412,2023-11-22 00:00:00+05:30,574.9500122070312,600.0,570.0,591.7000122070312,80238,0.0,0.0,2023-11-22,542.0025024414062,33.27261499629341,575.2751174376997,508.7298874451128,608.5477324339931,475.4572724488194,74.5038165605686,100.42097742560973,459811,101805.13553789751,71074.14439346817,528.4149283478228,60.040605545548786,587.2333374023438,604.4666748046875,574.4666748046875,617.2333374023438,557.2333374023438,634.4666748046875,544.4666748046875,-0.052831119202857615,-8.383826053503787,15.137728151262763,10.12513945400004,5.012588697262723,69.80947430822201,35.51594933487372,580.0000122070312,542.0025024414062,537.0620025634765,,NIBE.BO,2025-07-29 12:11:18.836286
413,2023-11-21 00:00:00+05:30,573.0,584.7000122070312,570.0,572.0,62853,0.0,0.0,2023-11-21,538.3125030517579,31.516943083615946,569.8294461353738,506.7955599681419,601.3463892189898,475.27861688452595,36.08136839807402,78.64635490496539,379573,77092.13150952492,63391.39660736084,525.8748827985473,56.92861354430894,575.5666707356771,581.1333414713542,566.433329264323,590.2666829427084,560.8666585286459,595.8333536783855,551.7333170572917,-0.1158291137186469,-28.282828282828284,13.780190454401577,8.87199227968436,4.908198174717217,63.72626422406325,34.1721269469526,578.760009765625,538.3125030517579,535.0440020751953,,NIBE.BO,2025-07-29 12:11:18.836286
414,2023-11-20 00:00:00+05:30,590.0,590.0,570.0,572.4000244140625,67547,0.0,0.0,2023-11-20,535.7175018310547,30.723901551799116,566.4414033828539,504.9936002792556,597.165304934653,474.2696987274565,49.34566488364573,88.12529269160196,442426,82907.48138323051,59966.21288181982,524.3776231204324,66.14580398794979,577.4666748046875,584.933349609375,564.933349609375,597.4666748046875,557.4666748046875,604.933349609375,544.933349609375,-0.05149238491924861,-23.999978770380434,13.773492780258152,7.6449427360050555,6.128550044253097,63.969284615246025,33.27368476030377,579.3700073242187,535.7175018310547,533.6200018310547,,NIBE.BO,2025-07-29 12:11:18.836286
415,2023-11-17 00:00:00+05:30,583.1500244140625,592.0,568.0,578.7000122070312,38604,0.0,0.0,2023-11-17,533.1075012207032,29.641851069930002,562.7493522906332,503.4656501507732,592.3912033605632,473.8237990808432,64.65469250192358,99.12151817187672,509973,47904.2242497181,54230.89575646714,522.6418037033535,74.98032630945397,579.5666707356771,591.1333414713542,567.1333414713542,603.5666707356771,555.5666707356771,615.1333414713542,543.1333414713542,0.03440800712195061,-18.521728515625,13.516832099397789,6.112805224941781,7.404026874456008,67.74774593442665,32.306131636220414,578.5599975585938,533.1075012207032,532.3920013427735,,NIBE.BO,2025-07-29 12:11:18.836286
416,2023-11-16 00:00:00+05:30,592.5999755859375,592.5999755859375,575.0499877929688,585.2000122070312,32677,0.0,0.0,2023-11-16,529.6725006103516,28.016388374016014,557.6888889843676,501.65611223633556,585.7052773583836,473.63972386231956,91.55240130965576,117.9750519254399,548577,41004.782992636035,55812.563633154394,521.4593293854937,80.99082106418403,584.2833251953125,593.5166625976562,575.9666748046875,601.8333129882812,566.7333374023438,611.066650390625,558.4166870117188,0.047248358118383765,-12.869554602581522,12.362974822331125,4.261798506327779,8.101176316003347,71.81148206656646,31.26415134874603,574.239990234375,529.6725006103516,531.0380010986328,,NIBE.BO,2025-07-29 12:11:18.836286
417,2023-11-15 00:00:00+05:30,576.0,595.0,576.0,585.5,32331,0.0,0.0,2023-11-15,525.625,25.286564044440535,550.9115640444405,500.3384359555595,576.198128088881,475.05187191111895,121.21007281012459,130.29354655946983,581254,40591.40184893263,59514.50879328398,520.3005426346634,82.77342862263475,585.5,595.0,576.0,604.5,566.5,614.0,557.0,-0.04892517497959553,-12.608695652173912,10.058218538475558,2.236504427326942,7.821714111148616,71.9965646869376,29.476716634642116,564.139990234375,525.625,529.4400006103516,,NIBE.BO,2025-07-29 12:11:18.836286
418,2023-11-13 00:00:00+05:30,600.0,600.0,570.0,575.0499877929688,49729,0.0,0.0,2023-11-13,522.075,21.0706781824489,543.1456781824489,501.00432181755116,564.2163563648978,479.93364363510227,160.5193317426966,130.0721483832722,548923,61320.16826136576,64245.28552937182,519.1063054067473,77.76473486080583,581.6833292643229,593.3666585286458,563.3666585286458,611.6833292643229,551.6833292643229,623.3666585286458,533.3666585286458,-0.0767791187271116,-21.695662788722824,6.925490581224608,0.28107589953978795,6.64441468168482,69.44975303994073,27.462942912539457,548.889990234375,522.075,528.0300006103515,,NIBE.BO,2025-07-29 12:11:18.836286
419,2023-11-10 00:00:00+05:30,579.9500122070312,584.9500122070312,559.9000244140625,568.3499755859375,107039,0.0,0.0,2023-11-10,519.5725006103515,17.033175572717237,536.6056761830688,502.5393250376343,553.638851755786,485.5061494649171,222.94986259058942,110.47088540330927,499194,130450.5462432426,64976.56484637332,517.4844974725562,78.02969823912953,571.0666707356771,582.2333170572917,557.183329264323,596.1166585286459,546.0166829427084,607.2833048502605,532.1333414713542,-0.025864177172551375,-16.60833876309019,3.8388856778423133,-1.380027770881417,5.218913448723731,67.70091511612254,25.294263519505822,536.0199951171875,519.5725006103515,526.7290008544921,,NIBE.BO,2025-07-29 12:11:18.836286
420,2023-11-09 00:00:00+05:30,536.0,561.4000244140625,525.0,557.0999755859375,93734,0.0,0.0,2023-11-09,517.8550018310547,13.14367361175765,530.9986754428123,504.711328219297,544.14234905457,491.56765460753934,195.19940761380747,51.1697989011921,392155,111974.28632601144,48608.069497156,514.0992847776566,73.32219320862615,547.8333333333334,570.6666666666667,534.2666422526042,584.2333577473959,511.43330891927087,607.0666910807292,497.86661783854174,0.05932008312207943,-5.628334363900433,0.48878081923703576,-2.6847561330623497,3.1735369522993855,64.53557168284516,23.3466898040057,525.3,517.8550018310547,525.3620013427734,,NIBE.BO,2025-07-29 12:11:18.836286
421,2023-11-08 00:00:00+05:30,509.8500061035156,534.7000122070312,509.8500061035156,534.7000122070312,32721,0.0,0.0,2023-11-08,516.5175018310547,9.900944248828083,526.4184460798828,506.6165575822266,536.3193903287108,496.71561333339855,99.03758162167922,-7.826738238824924,298421,37516.71249156733,32766.515289942134,511.4381217779007,67.97360250412495,526.4166768391927,542.9833475748699,518.1333414713542,551.2666829427084,501.5666707356771,567.8333536783855,493.2833353678386,,-18.65788532578402,-2.6998198076021254,-3.478140371137196,0.7783205635350705,56.68768268135866,22.001338763476376,517.5800048828125,516.5175018310547,524.122001953125,,NIBE.BO,2025-07-29 12:11:18.836286
422,2023-11-07 00:00:00+05:30,515.0,517.9000244140625,501.0,509.25,20936,0.0,0.0,2023-11-07,516.8400024414062,10.604424587248054,527.4444270286543,506.2355778541582,538.0488516159023,495.63115326691013,-30.703156871028277,-54.027694411664015,265700,22861.923148840764,31578.965989535835,510.9244855992831,67.28253546588783,509.3833414713542,517.7666829427084,500.86665852864587,526.2833658854167,492.4833170572917,534.6667073567709,483.96663411458337,,-60.310949771342834,-4.5352314924114125,-3.672720512020963,-0.8625109803904496,43.49623892145309,21.750648447834553,515.2400024414062,516.8400024414062,523.526001586914,,NIBE.BO,2025-07-29 12:11:18.836286
423,2023-11-06 00:00:00+05:30,530.0,530.0,507.0,510.70001220703125,33750,0.0,0.0,2023-11-06,518.9850036621094,13.046055071449482,532.0310587335589,505.93894859065995,545.0771138050084,492.8928935192105,17.197738156290008,-33.59757877529499,286636,36959.633722319275,33758.2266997096,510.9484815844453,60.28367070926156,515.9000040690104,524.8000081380208,501.80000813802076,538.9000040690104,492.9000040690104,547.8000081380208,478.80000813802076,,-57.93777008816637,-4.309958409506407,-3.45709276692335,-0.8528656425830574,44.20857169479611,22.525770656710563,517.4,518.9850036621094,523.2410015869141,,NIBE.BO,2025-07-29 12:11:18.836286
424,2023-11-03 00:00:00+05:30,520.0,535.7000122070312,509.0,514.75,25166,0.0,0.0,2023-11-03,521.620004272461,16.22048725057171,537.8404915230327,505.39951702188927,554.0609787736043,489.1790297713175,46.712804863436176,-21.541291210994,320386,27777.84567483109,32957.87494405718,510.9543572977194,62.001514432443706,519.8166707356771,530.6333414713542,503.933329264323,546.5166829427084,493.11665852864587,557.3333536783855,477.23331705729174,,-51.30930951329688,-4.099042431183989,-3.2438763562775854,-0.8551660749064034,46.169627388235334,22.809432622454455,517.05,521.620004272461,522.7460015869141,,NIBE.BO,2025-07-29 12:11:18.836286
425,2023-11-02 00:00:00+05:30,546.0,546.0,511.5,518.5,23668,0.0,0.0,2023-11-02,524.6250030517579,20.006068106204342,544.6310711579622,504.6189349455535,564.6371392641665,484.6128668393492,99.25924507534542,-5.566152831886268,345552,26314.694627185254,34252.882261363695,510.88622708709346,61.4272427771365,525.3333333333334,539.1666666666667,504.66666666666674,559.8333333333334,490.83333333333337,573.6666666666667,470.16666666666674,,-45.171827519174634,-4.165761795651747,-3.0300848375509846,-1.1356769581007624,48.00033625401334,22.929720845203036,514.1700012207032,524.6250030517579,521.9800018310547,,NIBE.BO,2025-07-29 12:11:18.836286
426,2023-11-01 00:00:00+05:30,521.0,543.9500122070312,507.20001220703125,523.0,35419,0.0,0.0,2023-11-01,528.0275024414062,24.246823439495916,552.2743258809021,503.7806790019103,576.5211493203981,479.5338555624144,121.12916573306471,-6.075170555000827,369220,39721.532663362275,36237.429169908304,510.75549094418363,53.98693181975406,524.7166748046875,542.2333374023438,505.48333740234375,561.4666748046875,487.9666748046875,578.9833374023438,468.73333740234375,,-37.806849126227945,-4.557383379013572,-2.7461655980257937,-1.8112177809877785,50.21919269620889,22.834668789256067,510.5400024414063,528.0275024414062,520.9530017089844,,NIBE.BO,2025-07-29 12:11:18.836286
427,2023-10-31 00:00:00+05:30,525.0,534.3499755859375,485.0,520.0499877929688,56651,0.0,0.0,2023-10-31,531.8025024414062,28.861142263716687,560.6636447051229,502.9413601776895,589.5247869688396,474.08021791397283,31.133161556961202,-36.374557893116986,333801,63174.335741125586,35366.403296544806,510.43255416819704,48.971063045616894,513.1333211263021,541.2666422526042,491.91666666666674,562.4832967122396,463.7833455403646,590.6166178385417,442.56669108072924,,-42.63502160705331,-5.432908233787089,-2.293361152778849,-3.1395470810082395,48.777848990180004,22.84126360733026,508.6300048828125,531.8025024414062,519.6530017089843,,NIBE.BO,2025-07-29 12:11:18.836286
428,2023-10-30 00:00:00+05:30,498.0,522.0,487.0,508.95001220703125,19696,0.0,0.0,2023-10-30,535.4500030517578,31.76167171739305,567.2116747691508,503.68833133436476,598.9733464865438,471.9266596169717,-49.61794034512207,-55.98495028103116,277150,21495.184537865316,28414.42018539961,510.0089848357886,40.84946164929989,505.98333740234375,524.9666748046875,489.9666748046875,540.9833374023438,470.98333740234375,559.9666748046875,454.9666748046875,,-60.8517130337328,-6.180997061800326,-1.508474382526789,-4.672522679273538,43.012855871751924,23.373686822494477,508.20001220703125,535.4500030517578,518.312001953125,,NIBE.BO,2025-07-29 12:11:18.836286
429,2023-10-27 00:00:00+05:30,517.9500122070312,517.9500122070312,485.04998779296875,500.3500061035156,18143,0.0,0.0,2023-10-27,539.1100036621094,32.74944949838582,571.8594531604953,506.3605541637236,604.6089026588811,473.6111046653378,-102.20885261270494,-69.49735501732623,257454,19465.744702319298,30144.22909728318,510.0254521175089,36.95911044518637,501.1166687011719,517.183349609375,484.2833251953125,534.0166931152344,468.2166442871094,550.0833740234375,451.38330078125,,-77.19819678051097,-5.951946570841528,-0.3403437127084047,-5.611602858133123,37.991978120534284,24.71071158329442,510.4300048828125,539.1100036621094,517.1300018310546,,NIBE.BO,2025-07-29 12:11:18.836286
430,2023-10-26 00:00:00+05:30,513.4500122070312,513.4500122070312,488.0,500.3500061035156,24504,0.0,0.0,2023-10-26,542.6300033569336,32.141910995972594,574.7719143529062,510.488092360961,606.9138253488787,478.3461813649884,-132.4908264094445,-70.97092805774685,275597,26290.503675557076,32813.85019602415,510.1660585257442,33.347972626974226,500.6000061035156,513.2000122070312,487.75,526.0500183105469,475.1499938964844,538.6500244140625,462.29998779296875,,-83.62068686384632,-4.721541226452132,1.0625570018248762,-5.784098228277008,37.991978120534284,26.42027530435533,514.4000061035156,542.6300033569336,516.3030017089844,,NIBE.BO,2025-07-29 12:11:18.836286
431,2023-10-25 00:00:00+05:30,503.1499938964844,526.4000244140625,492.04998779296875,513.4500122070312,28518,0.0,0.0,2023-10-25,545.5925018310547,30.73982523364713,576.3323270647019,514.8526765974076,607.072152298349,484.11285136376046,-80.36956577030027,-43.76384851821487,300101,31398.235781023886,34444.68682614091,510.3625789497087,35.160853904364686,510.6333414713542,529.2166951497396,494.86665852864587,544.983378092448,476.28330485026044,563.5667317708334,460.5166219075521,,-74.15455607605807,-3.0747110320980937,2.5085815588941283,-5.583292590992222,42.96371399685656,28.343683110166385,516.3300048828125,545.5925018310547,515.3940014648438,,NIBE.BO,2025-07-29 12:11:18.836286
432,2023-10-23 00:00:00+05:30,545.0,546.0999755859375,502.20001220703125,517.9000244140625,62471,0.0,0.0,2023-10-23,547.3525024414063,29.79584659739518,577.1483490388015,517.5566558440111,606.9441956361966,487.7608092466159,1.1415960283615032,-11.983409829569148,328619,69376.50263049282,35206.299587420166,510.28892615635635,35.77862137682628,522.0666707356771,541.933329264323,498.03336588541674,565.9666341145834,478.16670735677087,585.8332926432292,454.1334025065105,,-83.94681578052304,-2.209834929338058,3.9044047066421834,-6.114239635980241,44.81353354028376,30.37049316822726,514.4900024414062,547.3525024414063,514.2590014648438,,NIBE.BO,2025-07-29 12:11:18.836286
433,2023-10-20 00:00:00+05:30,520.0,520.0999755859375,516.9500122070312,520.0999755859375,12565,0.0,0.0,2023-10-20,548.3525024414063,29.082421796608266,577.4349242380146,519.270080644798,606.5173460346228,490.18765884818976,-36.278803427759115,-17.78296082706222,391090,14013.200616934737,26663.748826652,509.8692559456733,29.414109784557255,519.0499877929688,521.1499633789062,518.0,522.199951171875,515.9000244140625,524.2999267578125,514.8500366210938,,-83.22919209798177,-1.5073078646887552,5.4329646156372435,-6.940272480325999,45.717151164498304,31.866119157272532,513.8099975585938,548.3525024414063,512.8560009765625,,NIBE.BO,2025-07-29 12:11:18.836286
434,2023-10-19 00:00:00+05:30,510.0,520.2000122070312,510.0,520.2000122070312,17009,0.0,0.0,2023-10-19,548.7175048828125,28.753118292844217,577.4706231756567,519.9643865899683,606.2237414685009,491.21126829712404,-59.53447889177502,-21.03330103344193,403655,18973.05005216487,29826.385879081314,509.7545213436775,39.006833657204986,516.8000081380209,523.6000162760417,513.4000040690105,527.0000203450521,506.5999959309896,533.800028483073,503.19999186197924,,-83.12498728434245,-0.8016841948347064,7.168032735718743,-7.969716930553449,45.756093058823645,33.35513975259275,514.7900024414063,548.7175048828125,511.23400146484374,,NIBE.BO,2025-07-29 12:11:18.836286
435,2023-10-18 00:00:00+05:30,514.0,514.0,504.0,510.0,25015,0.0,0.0,2023-10-18,548.5625030517579,28.922796216512662,577.4852992682705,519.6397068352452,606.4080954847832,490.7169106187325,-94.86667333012161,-36.598109233046145,386646,27356.384331574736,32539.71983581042,509.59350238390897,43.4914968381933,509.3333333333333,514.6666666666666,504.66666666666663,519.3333333333333,499.3333333333333,524.6666666666666,494.66666666666663,,-93.75,0.10402256668635346,9.160461968357104,-9.056439401670751,40.99576853714963,34.95870039370683,517.55,548.5625030517579,509.78900146484375,,NIBE.BO,2025-07-29 12:11:18.836286
436,2023-10-17 00:00:00+05:30,505.0,505.1499938964844,504.25,504.25,68952,0.0,0.0,2023-10-17,548.4125030517578,29.14027751282715,577.552780564585,519.2722255389306,606.693058077412,490.1319480261035,-119.72866064649533,-44.53675672826197,361631,74555.68895668098,33835.55371186934,509.58407291813995,41.59005634415869,504.5499979654948,504.8499959309896,503.95000203450525,505.4499918619792,503.65000406901044,505.749989827474,503.05000813802087,,-100.0,2.2665722352855937,11.42457181877479,-9.157999583489197,38.154744035714224,36.19062842329225,521.6199951171875,548.4125030517578,508.7300012207031,,NIBE.BO,2025-07-29 12:11:18.836286
437,2023-10-16 00:00:00+05:30,525.0,534.0,514.5,514.5,21086,0.0,0.0,2023-10-16,548.4500030517578,29.080876622374312,577.530879674132,519.3691264293835,606.6117562965064,490.28824980700915,-91.15860244507275,-1.6614966457050278,430583,23263.100370994536,23655.519900666426,509.9484330906454,52.3840709607233,521.0,527.5,508.0,540.5,501.5,547.0,488.5,,-100.0,5.5672370043969295,13.714071714647089,-8.14683471025016,41.45906860644225,36.76682272533009,529.0,548.4500030517578,507.9720013427734,,NIBE.BO,2025-07-29 12:11:18.836286
438,2023-10-13 00:00:00+05:30,526.0,526.0,523.3499755859375,525.0,28945,0.0,0.0,2023-10-13,547.6250030517579,30.303063869844284,577.9280669216022,517.3219391819135,608.2311307914464,487.01887531206927,-98.19842827540494,10.757427974397453,451669,32585.235983950897,23753.624783084397,509.8513265860577,60.336895765910015,524.7833251953125,526.2166748046875,523.566650390625,527.433349609375,522.13330078125,528.86669921875,520.9166259765625,,-93.45794392523365,8.699266337510608,15.750780392209629,-7.051514054699021,45.18102223899861,37.91798030326721,536.5300048828125,547.6250030517579,,,NIBE.BO,2025-07-29 12:11:18.836286
439,2023-10-12 00:00:00+05:30,519.75,537.0,519.75,534.0,39172,0.0,0.0,2023-10-12,545.9750030517578,32.42403114610924,578.399034197867,513.5509719056486,610.8230653439763,481.12694075953925,-108.263181084142,26.073351285826092,480614,44854.396325143105,21545.72198286777,509.39429075104636,69.31509717205515,530.25,540.75,523.5,547.5,513.0,558.0,506.25,,-82.24299065420561,11.543315008883383,17.513658905884384,-5.970343897001001,48.65776104866661,39.66352262773084,544.210009765625,545.9750030517578,,,NIBE.BO,2025-07-29 12:11:18.836286
440,2023-10-11 00:00:00+05:30,530.3499755859375,530.3499755859375,530.3499755859375,530.3499755859375,9052,0.0,0.0,2023-10-11,543.6750030517578,34.85831351438434,578.5333165661422,508.81668953737346,613.3916300805265,473.9583760229891,-145.73131991269486,29.645786256997244,441442,10294.25949645702,15718.553397298936,508.3468774661288,82.75868277417709,530.3499755859375,530.3499755859375,530.3499755859375,530.3499755859375,530.3499755859375,530.3499755859375,530.3499755859375,,-95.93670500841546,14.123296792551855,19.006244880134634,-4.882948087582779,47.12551745387489,41.54333743869167,552.3800048828125,543.6750030517578,,,NIBE.BO,2025-07-29 12:11:18.836286
441,2023-10-10 00:00:00+05:30,541.1500244140625,541.1500244140625,541.1500244140625,541.1500244140625,3837,0.0,0.0,2023-10-10,541.807504272461,36.56831166589914,578.3758159383601,505.2391926065618,614.9441276042593,468.6708809406627,-143.0225784303481,55.219514478985054,450494,4452.434044175526,17074.626872509412,508.12828861113707,86.33601411893305,541.1500244140625,541.1500244140625,541.1500244140625,541.1500244140625,541.1500244140625,541.1500244140625,541.1500244140625,,-70.98909319012778,17.57193804435235,20.226981902030328,-2.6550438576779776,51.33483182605105,44.1879416220254,563.6200073242187,541.807504272461,,,NIBE.BO,2025-07-29 12:11:18.836286
442,2023-10-09 00:00:00+05:30,552.1500244140625,552.1500244140625,552.1500244140625,552.1500244140625,6420,0.0,0.0,2023-10-09,539.7800033569335,37.712902559735866,577.4929059166694,502.06710079719767,615.2058084764053,464.3541982374618,-100.18172869363056,82.00000959987972,454331,7601.164598143998,20230.175079592882,507.9886440473587,87.83812176534806,552.1500244140625,552.1500244140625,552.1500244140625,552.1500244140625,552.1500244140625,552.1500244140625,552.1500244140625,,-50.36839535361842,20.65736123147326,20.89074286644982,-0.23338163497655984,56.07160351814259,47.43195485864023,575.0900024414062,539.7800033569335,,,NIBE.BO,2025-07-29 12:11:18.836286
443,2023-10-06 00:00:00+05:30,563.4000244140625,563.4000244140625,563.4000244140625,563.4000244140625,4024,0.0,0.0,2023-10-06,536.7125015258789,39.12250027268898,575.8350017985679,497.59000125318994,614.9575020712568,458.467500980501,-33.09205990973334,111.08102365652314,460751,4861.416679683616,23387.4276999551,507.6739461436117,90.30922352882344,563.4000244140625,563.4000244140625,563.4000244140625,563.4000244140625,563.4000244140625,563.4000244140625,563.4000244140625,,-38.52629009046053,23.21131423268912,20.949088275193958,2.2622259574951613,61.45698827327037,50.11597744568749,583.2599975585938,536.7125015258789,,,NIBE.BO,2025-07-29 12:11:18.836286
444,2023-10-05 00:00:00+05:30,574.8499755859375,574.8499755859375,574.8499755859375,574.8499755859375,5022,0.0,0.0,2023-10-05,533.5824996948243,39.37831159648367,572.9608112913079,494.2041880983406,612.3391228877916,454.8258765018569,26.349070964110627,142.54042321942583,464775,6190.407504255019,28018.93045502297,507.4239249716295,91.97480503734546,574.8499755859375,574.8499755859375,574.8499755859375,574.8499755859375,574.8499755859375,574.8499755859375,574.8499755859375,,-24.656886680453432,25.02150687465962,20.383531785820164,4.6379750888394575,67.59234090266314,52.066254064710364,587.0099975585938,533.5824996948243,,,NIBE.BO,2025-07-29 12:11:18.836286
445,2023-10-04 00:00:00+05:30,600.0,600.0,586.5499877929688,586.5499877929688,19598,0.0,0.0,2023-10-04,530.3900009155274,38.433470073918045,568.8234709894455,491.9565308416093,607.2569410633635,453.5230607676913,83.81029913366922,187.1039709623357,469797,24649.31169790745,33476.06119271496,507.0442575247454,93.92412058398493,591.0333251953125,595.5166625976562,582.066650390625,604.4833374023438,577.5833129882812,608.9666748046875,568.6166381835938,,-12.453715006510416,25.832341552760454,19.224038013610297,6.608303539150157,74.6649692520535,53.06880139685336,586.1900024414062,530.3900009155274,,,NIBE.BO,2025-07-29 12:11:18.836286
446,2023-10-03 00:00:00+05:30,587.9000244140625,600.0,587.9000244140625,598.5,29095,0.0,0.0,2023-10-03,526.6125015258789,36.27536411597603,562.8878656418549,490.3371374099029,599.163229757831,454.0617732939268,110.15171851094851,212.12139223433903,489395,37339.67464800409,35682.748566416834,505.2579396237758,88.58676088478624,595.4666748046875,603.0333251953125,590.933349609375,607.566650390625,583.36669921875,615.13330078125,578.8333740234375,,-1.2836969804444622,25.32678260429168,17.571962128822758,7.754820475468922,82.89095291172788,52.846407709398285,580.8,526.6125015258789,,,NIBE.BO,2025-07-29 12:11:18.836286
447,2023-09-29 00:00:00+05:30,570.5499877929688,593.0,570.5499877929688,593.0,52578,0.0,0.0,2023-09-29,521.9525009155274,32.325839008255464,554.2783399237828,489.6266619072719,586.6041789320383,457.30082289901645,109.31890549112374,208.4424474736715,460300,66856.98207770422,35268.51704602002,502.04048828900557,88.33855150478364,585.5166625976562,600.4833374023438,578.0333251953125,607.9666748046875,563.066650390625,622.933349609375,555.5833129882812,,-0.0,23.118879678600592,15.633257009955525,7.4856226686450675,82.04557161388584,52.44834350337201,570.8300048828125,521.9525009155274,,,NIBE.BO,2025-07-29 12:11:18.836286
448,2023-09-28 00:00:00+05:30,582.1500244140625,582.1500244140625,582.1500244140625,582.1500244140625,39439,0.0,0.0,2023-09-28,518.0525009155274,27.673498273322075,545.7259991888494,490.3790026422053,573.3994974621716,462.7055043688832,128.5727652443765,,407722,49232.15291600085,27371.400788098967,495.99130879861895,87.41623361444228,582.1500244140625,582.1500244140625,582.1500244140625,582.1500244140625,582.1500244140625,582.1500244140625,582.1500244140625,,-0.0,20.483475483153597,13.761851342794257,6.72162414035934,80.25873809909788,52.239112341672254,559.810009765625,518.0525009155274,,,NIBE.BO,2025-07-29 12:11:18.836286
449,2023-09-27 00:00:00+05:30,570.75,570.75,570.75,570.75,11332,0.0,0.0,2023-09-27,514.4449996948242,23.2228297135536,537.6678294083778,491.2221699812706,560.8906591219314,467.999340267717,133.08772460109222,,368283,13868.851539297199,21906.212756123496,491.4676146337917,84.16061503973536,570.75,570.75,570.75,570.75,570.75,570.75,570.75,,-0.0,17.867562018156264,12.08144530770442,5.786116710451843,78.135804349248,50.61978322216169,548.860009765625,514.4449996948242,,,NIBE.BO,2025-07-29 12:11:18.836286
450,2023-09-26 00:00:00+05:30,559.5999755859375,559.5999755859375,559.5999755859375,559.5999755859375,7128,0.0,0.0,2023-09-26,510.9074996948242,19.241981802417946,530.1494814972422,491.6655178924062,549.3914632996601,472.4235360899883,138.02043130953277,,356951,8553.293821746329,23915.553060330072,490.25323885273764,81.41351600709365,559.5999755859375,559.5999755859375,559.5999755859375,559.5999755859375,559.5999755859375,559.5999755859375,559.5999755859375,,-0.0,15.370409122413434,10.634916130091458,4.735492992321976,75.76926667995423,49.12098453804767,538.1300048828125,510.9074996948242,,,NIBE.BO,2025-07-29 12:11:18.836286
451,2023-09-25 00:00:00+05:30,548.6500244140625,548.6500244140625,548.6500244140625,548.6500244140625,26417,0.0,0.0,2023-09-25,507.6825012207031,15.737536007363238,523.4200372280663,491.94496521333986,539.1575732354296,476.2074292059766,147.70569182112484,,349823,31078.99111237307,27756.117869976002,489.57860501342,81.8855530719124,548.6500244140625,548.6500244140625,548.6500244140625,548.6500244140625,548.6500244140625,548.6500244140625,548.6500244140625,,-0.0,13.03852018118198,9.451042882010963,3.5874772991710167,73.11567821862673,47.78631714429064,527.610009765625,507.6825012207031,,,NIBE.BO,2025-07-29 12:11:18.836286
452,2023-09-22 00:00:00+05:30,534.9000244140625,537.9000244140625,534.9000244140625,537.9000244140625,22817,0.0,0.0,2023-09-22,505.49499969482423,12.438124507409253,517.9331242022334,493.05687518741496,530.3712487096427,480.61875068000575,162.4216967228091,,323406,26317.711367910586,26925.399559376732,487.3691622040226,77.58966215549998,536.9000244140625,538.9000244140625,535.9000244140625,539.9000244140625,533.9000244140625,541.9000244140625,532.9000244140625,,-0.0,10.933846649393331,8.55417355721821,2.3796730921751212,70.13405367913938,46.670362001565195,518.8800048828125,505.49499969482423,,,NIBE.BO,2025-07-29 12:11:18.836286
453,2023-09-21 00:00:00+05:30,527.4000244140625,527.4000244140625,527.4000244140625,527.4000244140625,41891,0.0,0.0,2023-09-21,503.3499984741211,10.01964037273016,513.3696388468512,493.3303581013909,523.3892792195815,483.3107177286608,170.25682203765663,,300589,47374.963297042275,27077.32160724327,485.68222478506704,72.26981375233035,527.4000244140625,527.4000244140625,527.4000244140625,527.4000244140625,527.4000244140625,527.4000244140625,527.4000244140625,,-0.0,9.132274526885169,7.9592552841744295,1.1730192427107395,66.7938876595312,45.840269231375224,510.9,503.3499984741211,,,NIBE.BO,2025-07-29 12:11:18.836286
454,2023-09-20 00:00:00+05:30,517.0999755859375,517.0999755859375,517.0999755859375,517.0999755859375,21093,0.0,0.0,2023-09-20,501.27749786376955,9.020214927894934,510.2977127916645,492.2572829358746,519.3179277195594,483.2370680079797,162.35031592058775,,258698,23388.41994699817,22002.91118479352,482.9582984036079,69.19381979285927,517.0999755859375,517.0999755859375,517.0999755859375,517.0999755859375,517.0999755859375,517.0999755859375,517.0999755859375,,-7.9082542238027695,7.721439392357581,7.666000473496744,0.05543891886083685,63.02741488048776,45.37667550025393,503.8199951171875,501.27749786376955,,,NIBE.BO,2025-07-29 12:11:18.836286
455,2023-09-18 00:00:00+05:30,505.0,507.0,505.0,507.0,10296,0.0,0.0,2023-09-18,499.24499969482423,9.812327199134668,509.0573268939589,489.4326724956896,518.8696540930936,479.6203452965549,74.59210401919101,,237605,11193.46398987996,21656.533994242356,481.79766593169194,68.16872321907557,506.3333333333333,507.66666666666663,505.66666666666663,508.3333333333333,504.3333333333333,509.66666666666663,503.66666666666663,,-33.67349004208622,6.812550136643495,7.652140743781534,-0.8395906071380397,58.76908569118898,45.38134920313165,498.0,499.24499969482423,,,NIBE.BO,2025-07-29 12:11:18.836286
456,2023-09-15 00:00:00+05:30,507.95001220703125,507.95001220703125,505.0,505.0,18756,0.0,0.0,2023-09-15,497.25249938964845,11.964644746599673,509.2171441362481,485.2878546430488,521.1817888828477,473.3232098964491,65.22086695491647,,227309,20310.45325621279,24272.301495332955,481.37241255514664,62.75475343708011,505.98333740234375,506.9666748046875,504.01666259765625,508.933349609375,503.0333251953125,509.91668701171875,501.066650390625,,-38.77552926961805,6.540370577008787,7.862038395566044,-1.3216678185572572,57.877008240734476,45.98141783391162,495.2,497.25249938964845,,,NIBE.BO,2025-07-29 12:11:18.836286
457,2023-09-14 00:00:00+05:30,499.5,499.5,498.0,498.0,19784,0.0,0.0,2023-09-14,494.9024993896484,14.672184024561448,509.57468341420986,480.230315365087,524.2468674387713,465.5581313405255,-7.6431838310292415,,208553,21126.689977598202,25262.763555112993,480.6231103901942,55.065934357603766,498.5,499.0,497.5,500.0,497.0,500.5,496.0,,-56.63266656597945,6.2897714350975775,8.192455350205357,-1.9026839151077795,54.69099574378752,46.627645590136204,494.32000122070315,494.9024993896484,,,NIBE.BO,2025-07-29 12:11:18.836286
458,2023-09-13 00:00:00+05:30,497.0,497.0,492.0,492.0,26780,0.0,0.0,2023-09-13,492.6524993896484,17.37384852985673,510.02634791950516,475.2786508597917,527.4001964493618,457.90480232993497,-54.603980464816566,,188769,28252.942698740702,26296.78194949169,480.0217154964395,56.37503585128499,493.6666666666667,495.33333333333337,490.33333333333337,498.6666666666667,488.6666666666667,500.33333333333337,485.33333333333337,,-71.93878424857493,6.56302296651279,8.668126328982302,-2.105103362469512,51.78867176872432,47.86923507099729,492.8799987792969,492.6524993896484,,,NIBE.BO,2025-07-29 12:11:18.836286
459,2023-09-12 00:00:00+05:30,485.0,488.0,483.1499938964844,488.0,47430,0.0,0.0,2023-09-12,490.54499969482424,19.838768821641235,510.38376851646547,470.706230873183,530.2225373381067,450.8674620515418,-123.69101090866228,,161989,49631.90671613787,25807.741762179438,479.4329853357477,58.87698616416348,486.3833312988281,489.6166687011719,484.76666259765625,491.23333740234375,481.5333251953125,494.4666748046875,479.9166564941406,,-82.1428627036386,7.4043370792109044,9.19440216959968,-1.7900650903887758,49.797967586557654,49.378650831677376,494.63999633789064,490.54499969482424,,,NIBE.BO,2025-07-29 12:11:18.836286
460,2023-09-11 00:00:00+05:30,502.29998779296875,502.29998779296875,490.6000061035156,493.0,26293,0.0,0.0,2023-09-11,489.0949996948242,21.0569630952651,510.15196279008927,468.0380365995591,531.2089258853543,446.981073504294,-84.87533611296541,,209419,27795.537322503507,19851.70052368983,478.6161278457731,70.92609624132984,495.2999979654948,499.999989827474,488.30000813802087,506.99997965494794,483.6000162760417,511.6999715169271,476.60002644856775,,-69.38776463480903,8.763226555631718,9.641918442196875,-0.8786918865651572,52.304795187547114,51.670567442452715,499.2399963378906,489.0949996948242,,,NIBE.BO,2025-07-29 12:11:18.836286
461,2023-09-08 00:00:00+05:30,481.0,500.6000061035156,481.0,500.6000061035156,32963,0.0,0.0,2023-09-08,487.18999938964845,22.367724717856603,509.55772410750507,464.82227467179183,531.9254488253616,442.45454995393527,-114.48643278980695,,235712,35383.89146611785,17865.741323986407,477.81340775172276,69.10278839026743,494.06667073567706,507.13334147135413,487.5333353678385,513.6666768391926,474.46666463216144,526.7333475748698,467.9333292643229,,-44.800013950892854,9.877816467782054,9.861591413838163,0.01622505394389151,56.305361814732166,53.197786845908226,502.8399963378906,487.18999938964845,,,NIBE.BO,2025-07-29 12:11:18.836286
462,2023-09-07 00:00:00+05:30,490.79998779296875,490.79998779296875,490.79998779296875,490.79998779296875,5645,0.0,0.0,2023-09-07,484.99499969482423,23.123737674960182,508.1187373697844,461.87126201986405,531.2424750447447,438.74752434490387,-184.567243558682,,202749,5940.958282042625,13486.203788453546,476.0992346821093,67.03850012025978,490.79998779296875,490.79998779296875,490.79998779296875,490.79998779296875,490.79998779296875,490.79998779296875,490.79998779296875,,-55.41944253809518,10.406679974389192,9.85753515035219,0.5491448240370023,51.90032051673037,54.958686834311514,503.7799926757813,484.99499969482423,,,NIBE.BO,2025-07-29 12:11:18.836286
463,2023-09-06 00:00:00+05:30,511.0,511.0,500.79998779296875,500.79998779296875,7989,0.0,0.0,2023-09-06,482.8425003051758,24.516658869286378,507.3591591744622,458.3258414358894,531.8758180437486,433.80918256660306,-19.828134417394242,,208394,8579.159537075147,15372.515165056275,475.9073751952001,70.73634646839177,504.1999918619792,507.5999959309896,497.39998372395837,514.4000040690105,493.99997965494794,517.8000081380209,487.1999715169271,,-30.218100818270234,11.89126187366901,9.720248944342938,2.1710129293260714,57.38162490473082,57.576405770244264,508.6199951171875,482.8425003051758,,,NIBE.BO,2025-07-29 12:11:18.836286
464,2023-09-05 00:00:00+05:30,515.0,515.0999755859375,511.0,511.0,15958,0.0,0.0,2023-09-05,479.7525009155273,25.984809562228907,505.73731047775624,453.7676913532984,531.7221200399852,427.7828817910695,81.5135120958682,,216383,17485.875186608107,17070.854072051556,475.43895115995394,68.02511729814893,512.3666585286459,513.7333170572917,509.63334147135424,516.4666341145834,508.26668294270837,517.8332926432292,505.53336588541674,,-13.012744863594651,12.626957458752031,9.177495712011421,3.44946174674061,63.75947163036163,59.03620835259469,510.4599975585937,479.7525009155273,,,NIBE.BO,2025-07-29 12:11:18.836286
465,2023-09-04 00:00:00+05:30,505.29998779296875,511.0,505.29998779296875,511.0,9709,0.0,0.0,2023-09-04,476.6000015258789,25.818417816811944,502.41841934269087,450.7815837090669,528.2368371595028,424.963165892255,64.28474051831931,,232341,10638.573893143133,16967.098793412417,474.0500591555841,59.51319564246636,509.09999593098956,512.9000040690104,507.19999186197913,514.8000081380208,503.3999837239583,518.6000162760416,501.4999796549479,,-13.012744863594651,12.373006551707533,8.315130275326268,4.057876276381265,63.75947163036163,58.89572063961336,508.25999755859374,476.6000015258789,,,NIBE.BO,2025-07-29 12:11:18.836286
466,2023-09-01 00:00:00+05:30,517.0,517.0,505.29998779296875,505.29998779296875,13224,0.0,0.0,2023-09-01,473.90250091552736,24.83475517112691,498.73725608665427,449.06774574440044,523.5720112577811,424.2329905732735,70.40179592209296,,222632,14328.480649984167,18549.230018479735,473.1506689268464,57.80543779092623,509.1999918619792,513.0999959309896,501.39998372395837,520.9000040690105,497.49997965494794,524.8000081380209,489.6999715169271,,-20.040380888896735,11.860402639632241,7.300661206230952,4.559741433401289,61.70875307054973,58.93643965417318,505.0799987792969,473.90250091552736,,,NIBE.BO,2025-07-29 12:11:18.836286
467,2023-08-31 00:00:00+05:30,510.0,520.2000122070312,510.0,515.0,13851,0.0,0.0,2023-08-31,471.9550018310547,23.74637830089199,495.7013801319467,448.2086235301627,519.4477584328387,424.4622452292707,105.0656869012477,,235856,15295.947049728638,19604.417360603624,472.04827509018037,62.18745798288248,515.0666707356771,520.1333414713542,509.933329264323,525.2666829427084,504.86665852864587,530.3333536783855,499.73331705729174,,-6.993963389581173,11.585776065930816,6.160725847880629,5.4250502180501865,67.76845590041077,58.980290900622215,505.0,471.9550018310547,,,NIBE.BO,2025-07-29 12:11:18.836286
468,2023-08-30 00:00:00+05:30,510.0,510.0,505.1499938964844,510.0,12912,0.0,0.0,2023-08-30,,,,,,,92.8670213323047,,222005,14120.553047743082,20681.53493832237,470.4481687388978,65.29990906758316,508.3833312988281,511.6166687011719,506.76666259765625,513.2333374023438,503.5333251953125,516.4666748046875,501.9166564941406,,-7.163548147327018,10.103324537303479,4.804463293368082,5.298861243935397,66.17878452593168,58.207861586146095,501.0,,,,NIBE.BO,2025-07-29 12:11:18.836286
469,2023-08-29 00:00:00+05:30,505.0,505.0,500.0,500.0,16277,0.0,0.0,2023-08-29,,,,,,,84.2673042477325,,209093,17451.484707804426,22321.78041096719,469.0251928346724,69.29361613821565,501.6666666666667,503.33333333333337,498.33333333333337,506.6666666666667,496.6666666666667,508.33333333333337,493.33333333333337,,-18.699199405145887,8.544680920541111,3.479747982384232,5.064932938156879,62.7685737015252,57.74979792485213,496.19000244140625,,,,NIBE.BO,2025-07-29 12:11:18.836286
470,2023-08-28 00:00:00+05:30,514.9500122070312,514.9500122070312,495.1000061035156,495.1000061035156,21709,0.0,0.0,2023-08-28,,,,,,,104.03713407990692,,192816,23047.33760444181,23539.35433675788,467.55363318961986,71.44045038831464,501.7166748046875,508.3333435058594,488.48333740234375,521.5666809082031,481.8666687011719,528.183349609375,468.6333312988281,,-24.828021354285553,7.404528397253728,2.2135147478450117,5.191013649408716,60.978342480305535,57.468459448508796,491.4800048828125,,,,NIBE.BO,2025-07-29 12:11:18.836286
471,2023-08-25 00:00:00+05:30,504.8999938964844,504.8999938964844,498.0,504.8999938964844,27675,0.0,0.0,2023-08-25,,,,,,,139.6164211293054,,214525,29962.704295502037,23662.358519836893,465.69014022569667,75.84148929033304,502.59999593098956,507.19999186197913,500.29999796549475,509.49998982747394,495.7000020345052,514.0999857584635,493.4000040690104,,-0.0,6.3151729989523915,0.9157613354928323,5.399411663459559,66.95756047383615,57.16547955090828,485.89000244140624,,,,NIBE.BO,2025-07-29 12:11:18.836286
472,2023-08-24 00:00:00+05:30,495.6499938964844,495.6499938964844,488.0,495.0,43970,0.0,0.0,2023-08-24,,,,,,,150.52729407424687,,186850,46671.276327095824,22087.272075920606,461.9895205744364,71.94991093316222,492.8833312988281,497.76666259765625,490.1166687011719,500.5333251953125,485.23333740234375,505.4166564941406,482.4666748046875,,-1.071713045171555,3.85963322910834,-0.43409158037205753,4.2937248094803975,63.61045130641331,57.29561265027803,476.5100036621094,,,,NIBE.BO,2025-07-29 12:11:18.836286
473,2023-08-23 00:00:00+05:30,485.95001220703125,485.95001220703125,485.95001220703125,485.95001220703125,9869,0.0,0.0,2023-08-23,,,,,,,176.33504477626718,,142880,10283.779581224368,15941.271013126796,456.1664010191848,66.49925800187278,485.95001220703125,485.95001220703125,485.95001220703125,485.95001220703125,485.95001220703125,485.95001220703125,485.95001220703125,,-0.0,1.632318328293536,-1.507522782742157,3.139841111035693,,57.95389154096552,468.11000366210936,,,,NIBE.BO,2025-07-29 12:11:18.836286
474,2023-08-22 00:00:00+05:30,476.45001220703125,476.45001220703125,476.45001220703125,476.45001220703125,11344,0.0,0.0,2023-08-22,,,,,,,188.63834824701155,,133011,11589.683430339337,17355.643871102402,454.9385584569629,,476.45001220703125,476.45001220703125,476.45001220703125,476.45001220703125,476.45001220703125,476.45001220703125,476.45001220703125,,,-0.3527651079618863,-2.29248306050108,1.9397179525391937,,59.34400515874371,460.89000244140624,,,,NIBE.BO,2025-07-29 12:11:18.836286
475,2023-08-21 00:00:00+05:30,467.1499938964844,467.1499938964844,467.1499938964844,467.1499938964844,18577,0.0,0.0,2023-08-21,,,,,,,163.82097846219258,,121667,18608.867423684955,18797.13398129317,453.86848986872985,,467.1499938964844,467.1499938964844,467.1499938964844,467.1499938964844,467.1499938964844,467.1499938964844,467.1499938964844,,,-1.9533224603197823,-2.7774125486358785,0.8240900883160962,,61.70298359468443,457.4,,,,NIBE.BO,2025-07-29 12:11:18.836286
476,2023-08-18 00:00:00+05:30,460.0,460.0,456.0,458.0,16794,0.0,0.0,2023-08-18,,,,,,,80.71799845479754,,103090,16493.30309710061,18844.20062069522,452.6906099798503,,458.0,460.0,456.0,462.0,454.0,464.0,452.0,,,-3.057014199643561,-2.9834350707149024,-0.07357912892865848,,65.3626000719109,454.95,,,,NIBE.BO,2025-07-29 12:11:18.836286
477,2023-08-17 00:00:00+05:30,449.5,454.0,449.5,453.0,19379,0.0,0.0,2023-08-17,,,,,,,-6.598347359123589,,86296,18824.24549181071,19431.92500159387,452.2278336299241,,452.1666666666667,454.83333333333337,450.33333333333337,456.6666666666667,447.6666666666667,459.33333333333337,445.83333333333337,,,-3.5226199185233327,-2.9650402884827374,-0.5575796300405953,,70.35132128148888,454.69000244140625,,,,NIBE.BO,2025-07-29 12:11:18.836286
478,2023-08-16 00:00:00+05:30,459.0,459.0,449.8500061035156,449.8500061035156,26727,0.0,0.0,2023-08-16,,,,,,,,,66917,25781.36797635184,19583.844879039658,452.1414858449901,,452.90000406901044,455.95000203450525,446.80000813802087,462.0499979654948,443.75001017252606,465.0999959309896,437.6500142415365,,,-3.5729390598386885,-2.8256453809725883,-0.7472936788661002,,74.53960178011995,453.64000244140624,,,,NIBE.BO,2025-07-29 12:11:18.836286
479,2023-08-14 00:00:00+05:30,445.8500061035156,459.0,445.8500061035156,459.0,19155,0.0,0.0,2023-08-14,,,,,,,,,93644,18853.103645180203,18034.46410471161,452.5593365583038,,454.6166687011719,463.3833312988281,450.23333740234375,467.76666259765625,441.4666748046875,476.5333251953125,437.0833435058594,,,-3.273000697022894,-2.6388219612560633,-0.6341787357668309,,79.10417670611722,451.4700012207031,,,,NIBE.BO,2025-07-29 12:11:18.836286
480,2023-08-11 00:00:00+05:30,456.70001220703125,463.0,454.8999938964844,454.8999938964844,9030,0.0,0.0,2023-08-11,,,,,,,,,74489,8808.291821858491,17829.804219594458,451.5910760848455,,457.59999593098956,460.29999796549475,452.19999186197913,465.7000020345052,449.49998982747394,468.4000040690104,444.0999857584635,,,-3.740533545086464,-2.4802772773143555,-1.2602562677721085,,84.01987278026812,449.2600036621094,,,,NIBE.BO,2025-07-29 12:11:18.836286
481,2023-08-10 00:00:00+05:30,456.70001220703125,456.70001220703125,455.0,456.70001220703125,40932,0.0,0.0,2023-08-10,,,,,,,,,83519,40085.01051784865,20085.18231902845,451.3386832323802,,456.1333414713542,457.26668294270837,455.5666707356771,457.83335367838544,454.43332926432294,458.9666951497396,453.86665852864587,,,-3.878654036653643,-2.165213210371328,-1.7134408262823149,,90.15655567048654,449.69000244140625,,,,NIBE.BO,2025-07-29 12:11:18.836286
482,2023-08-09 00:00:00+05:30,438.0,447.75,435.0,447.75,55902,0.0,0.0,2023-08-09,,,,,,,,,42587,53672.39234997258,15085.225269323399,448.50535311488426,,443.5,452.0,439.25,456.25,430.75,464.75,426.5,,,-4.173997165734363,-1.736853003800749,-2.437144161933614,,96.13640032330073,451.6200012207031,,,,NIBE.BO,2025-07-29 12:11:18.836286
483,2023-08-08 00:00:00+05:30,439.0,439.0,439.0,439.0,7759,0.0,0.0,2023-08-08,,,,,,,,,-13315,7303.95830475003,5438.433499161103,450.4646937407605,,439.0,439.0,439.0,439.0,439.0,439.0,439.0,,,-3.607442891429571,-1.1275669633173453,-2.4798759281122256,,100.0,,,,,NIBE.BO,2025-07-29 12:11:18.836286
484,2023-08-07 00:00:00+05:30,447.95001220703125,447.95001220703125,447.95001220703125,447.95001220703125,4414,0.0,0.0,2023-08-07,,,,,,,,,-5556,4239.844168551262,4972.052297763871,456.914415226735,,447.95001220703125,447.95001220703125,447.95001220703125,447.95001220703125,447.95001220703125,447.95001220703125,447.95001220703125,,,-1.965681087335895,-0.5075979812892888,-1.4580831060466062,,100.0,,,,,NIBE.BO,2025-07-29 12:11:18.836286
485,2023-08-04 00:00:00+05:30,457.04998779296875,457.04998779296875,457.04998779296875,457.04998779296875,5260,0.0,0.0,2023-08-04,,,,,,,,,-1142,5155.104330067023,5155.104330067023,461.13374503362047,,457.04998779296875,457.04998779296875,457.04998779296875,457.04998779296875,457.04998779296875,457.04998779296875,457.04998779296875,,,-0.7153860238881862,-0.14307720477763725,-0.572308819110549,,100.0,,,,,NIBE.BO,2025-07-29 12:11:18.836286
486,2023-08-03 00:00:00+05:30,466.3500061035156,466.3500061035156,466.3500061035156,466.3500061035156,4118,0.0,0.0,2023-08-03,,,,,,,,,4118,,,466.3500061035156,,466.3500061035156,466.3500061035156,466.3500061035156,466.3500061035156,466.3500061035156,466.3500061035156,466.3500061035156,,,0.0,0.0,0.0,,,,,,,NIBE.BO,2025-07-29 12:11:18.836286
